domain,domain_len,is_numeric,qtype,entropy,depth,bias,query_freq_per_sec,req_resp_ratio,txt_usage_ratio,min_query_interval
ZGly.localtest.com,18,0,16,3.4613,3,0.3889,2.6826,1.9127,0.0634,0.0207
ZGly.localtest.com,18,0,16,3.4613,3,0.3889,2.6826,1.9127,0.0634,0.0207
ZGF0ZSAvVA==.localtest.com,26,0,16,4.0851,3,0.3419,2.6826,1.9127,0.0634,0.0159
ZGF0ZSAvVA==.localtest.com,26,0,16,4.0851,3,0.3419,2.6826,1.9127,0.0634,0.0159
aG9zdG5hbWU=.localtest.com,26,0,16,4.162,3,0.3401,2.6826,1.9127,0.0634,0.0341
aG9zdG5hbWU=.localtest.com,26,0,16,4.162,3,0.3401,2.6826,1.9127,0.0634,0.0341
aXBjb25maWc=.localtest.com,26,0,16,3.9501,3,0.4072,2.6826,1.9127,0.0634,0.0485
aXBjb25maWc=.localtest.com,26,0,16,3.9501,3,0.4072,2.6826,1.9127,0.0634,0.0485
copilot-telemetry.githubusercontent.com,39,0,1,3.904,3,0.4786,2.6826,1.9127,0.0634,0.0029
copilot-telemetry.githubusercontent.com,39,0,1,3.904,3,0.4786,2.6826,1.9127,0.0634,0.0029
d2hvYW1p.localtest.com,22,0,16,4.0049,3,0.3209,2.6826,1.9127,0.0634,0.0364
d2hvYW1p.localtest.com,22,0,16,4.0049,3,0.3209,2.6826,1.9127,0.0634,0.0364
d2hvYW1p.localtest.com,22,0,16,4.0049,3,0.3209,2.6826,1.9127,0.0634,0.0364
d2hvYW1p.localtest.com,22,0,16,4.0049,3,0.3209,2.6826,1.9127,0.0634,0.0364
ZGF0ZSAvVA==.localtest.com,26,0,16,4.0851,3,0.3419,2.6826,1.9127,0.0634,0.0159
ZGF0ZSAvVA==.localtest.com,26,0,16,4.0851,3,0.3419,2.6826,1.9127,0.0634,0.0159
ZGF0ZSAvVA==.localtest.com,26,0,16,4.0851,3,0.3419,2.6826,1.9127,0.0634,0.0159
www.msftconnecttest.com,23,0,1,3.2405,3,0.2696,2.6826,1.9127,0.0634,0.0029
www.msftconnecttest.com,23,0,1,3.2405,3,0.2696,2.6826,1.9127,0.0634,0.0029
www.163.com,11,0,1,2.8454,3,0.4091,2.6826,1.9127,0.0634,0.0027
www.163.com,11,0,1,2.8454,3,0.4091,2.6826,1.9127,0.0634,0.0027
ZGF0ZSAvVA==.localtest.com,26,0,16,4.0851,3,0.3419,2.6826,1.9127,0.0634,0.0159
ZGF0ZSAvVA==.localtest.com,26,0,16,4.0851,3,0.3419,2.6826,1.9127,0.0634,0.0159
dHlwZSBDOlxXaW5kb3dzXHdpbi5pbmk=.localtest.com,46,0,16,4.6647,3,0.3913,2.6826,1.9127,0.0634,0.0164
dHlwZSBDOlxXaW5kb3dzXHdpbi5pbmk=.localtest.com,46,0,16,4.6647,3,0.3913,2.6826,1.9127,0.0634,0.0164
assets.msn.com,14,0,1,2.9502,3,0.4762,2.6826,1.9127,0.0634,0.003
assets.msn.com,14,0,1,2.9502,3,0.4762,2.6826,1.9127,0.0634,0.003
aG9zdG5hbWU=.localtest.com,26,0,16,4.162,3,0.3401,2.6826,1.9127,0.0634,0.0341
aG9zdG5hbWU=.localtest.com,26,0,16,4.162,3,0.3401,2.6826,1.9127,0.0634,0.0341
dGltZSAvVA==.localtest.com,26,0,16,3.9501,3,0.4072,2.6826,1.9127,0.0634,0.0161
dGltZSAvVA==.localtest.com,26,0,16,3.9501,3,0.4072,2.6826,1.9127,0.0634,0.0161
ZGly.localtest.com,18,0,16,3.4613,3,0.3889,2.6826,1.9127,0.0634,0.0207
ZGly.localtest.com,18,0,16,3.4613,3,0.3889,2.6826,1.9127,0.0634,0.0207
dGltZSAvVA==.localtest.com,26,0,16,3.9501,3,0.4072,2.6826,1.9127,0.0634,0.0161
dGltZSAvVA==.localtest.com,26,0,16,3.9501,3,0.4072,2.6826,1.9127,0.0634,0.0161
dHlwZSBDOlxXaW5kb3dzXHdpbi5pbmk=.localtest.com,46,0,16,4.6647,3,0.3913,2.6826,1.9127,0.0634,0.0164
i0.hdslb.com,12,0,1,3.4183,3,0.1515,2.6826,1.9127,0.0634,0.003
i0.hdslb.com,12,0,1,3.4183,3,0.1515,2.6826,1.9127,0.0634,0.003
dHlwZSBDOlxXaW5kb3dzXHdpbi5pbmk=.localtest.com,46,0,16,4.6647,3,0.3913,2.6826,1.9127,0.0634,0.0164
x1.c.lencr.org,14,0,1,3.182,4,0.4,2.6826,1.9127,0.0634,0.0031
x1.c.lencr.org,14,0,1,3.182,4,0.4,2.6826,1.9127,0.0634,0.0031
ctldl.windowsupdate.com,23,0,1,3.7951,3,0.371,2.6826,1.9127,0.0634,0.0029
ctldl.windowsupdate.com,23,0,1,3.7951,3,0.371,2.6826,1.9127,0.0634,0.0029
www.msftconnecttest.com,23,0,1,3.2405,3,0.2696,2.6826,1.9127,0.0634,0.0029
www.msftconnecttest.com,23,0,1,3.2405,3,0.2696,2.6826,1.9127,0.0634,0.0029
ZWNobyBoZWxsbyB3b3JsZA==.localtest.com,38,0,16,4.1883,3,0.3316,2.6826,1.9127,0.0634,0.0209
ZWNobyBoZWxsbyB3b3JsZA==.localtest.com,38,0,16,4.1883,3,0.3316,2.6826,1.9127,0.0634,0.0209
honeycomb.wpscdn.cn,19,0,1,3.5369,3,0.4372,2.6826,1.9127,0.0634,0.0028
honeycomb.wpscdn.cn,19,0,1,3.5369,3,0.4372,2.6826,1.9127,0.0634,0.0028
ZGly.localtest.com,18,0,16,3.4613,3,0.3889,2.6826,1.9127,0.0634,0.0207
ZGly.localtest.com,18,0,16,3.4613,3,0.3889,2.6826,1.9127,0.0634,0.0207
dGFza2xpc3Q=.localtest.com,26,0,16,4.1329,3,0.3684,2.6826,1.9127,0.0634,0.386
dGFza2xpc3Q=.localtest.com,26,0,16,4.1329,3,0.3684,2.6826,1.9127,0.0634,0.386
ZGly.localtest.com,18,0,16,3.4613,3,0.3889,2.6826,1.9127,0.0634,0.0207
ZGly.localtest.com,18,0,16,3.4613,3,0.3889,2.6826,1.9127,0.0634,0.0207
ZGF0ZSAvVA==.localtest.com,26,0,16,4.0851,3,0.3419,2.6826,1.9127,0.0634,0.0159
ZGF0ZSAvVA==.localtest.com,26,0,16,4.0851,3,0.3419,2.6826,1.9127,0.0634,0.0159
copilot-telemetry.githubusercontent.com,39,0,1,3.904,3,0.4786,2.6826,1.9127,0.0634,0.0029
copilot-telemetry.githubusercontent.com,39,0,1,3.904,3,0.4786,2.6826,1.9127,0.0634,0.0029
aG9zdG5hbWU=.localtest.com,26,0,16,4.162,3,0.3401,2.6826,1.9127,0.0634,0.0341
aG9zdG5hbWU=.localtest.com,26,0,16,4.162,3,0.3401,2.6826,1.9127,0.0634,0.0341
google.com,10,0,1,2.6464,2,0.4286,2.6826,1.9127,0.0634,0.0189
google.com,10,0,1,2.6464,2,0.4286,2.6826,1.9127,0.0634,0.0189
twitter.com,11,0,1,3.0272,2,0.3232,2.6826,1.9127,0.0634,0.0
twitter.com,11,0,1,3.0272,2,0.3232,2.6826,1.9127,0.0634,0.0
twitter.com,11,0,1,3.0272,2,0.3232,2.6826,1.9127,0.0634,0.0
github.com,10,0,1,3.3219,2,0.0,2.6826,1.9127,0.0634,0.005
github.com,10,0,1,3.3219,2,0.0,2.6826,1.9127,0.0634,0.005
amazon.com,10,0,1,2.7219,2,0.3429,2.6826,1.9127,0.0634,0.009
amazon.com,10,0,1,2.7219,2,0.3429,2.6826,1.9127,0.0634,0.009
amazon.com,10,0,1,2.7219,2,0.3429,2.6826,1.9127,0.0634,0.009
amazon.com,10,0,1,2.7219,2,0.3429,2.6826,1.9127,0.0634,0.009
facebook.com,12,0,1,3.0221,2,0.3889,2.6826,1.9127,0.0634,0.0
facebook.com,12,0,1,3.0221,2,0.3889,2.6826,1.9127,0.0634,0.0
facebook.com,12,0,1,3.0221,2,0.3889,2.6826,1.9127,0.0634,0.0
facebook.com,12,0,1,3.0221,2,0.3889,2.6826,1.9127,0.0634,0.0
www.msftconnecttest.com,23,0,1,3.2405,3,0.2696,2.6826,1.9127,0.0634,0.0029
www.msftconnecttest.com,23,0,1,3.2405,3,0.2696,2.6826,1.9127,0.0634,0.0029
wikipedia.org,13,0,1,3.3347,2,0.2797,2.6826,1.9127,0.0634,0.0
wikipedia.org,13,0,1,3.3347,2,0.2797,2.6826,1.9127,0.0634,0.0
wikipedia.org,13,0,1,3.3347,2,0.2797,2.6826,1.9127,0.0634,0.0
www.163.com,11,0,1,2.8454,3,0.4091,2.6826,1.9127,0.0634,0.0027
www.163.com,11,0,1,2.8454,3,0.4091,2.6826,1.9127,0.0634,0.0027
linkedin.com,12,0,1,3.2516,2,0.2667,2.6826,1.9127,0.0634,0.0095
linkedin.com,12,0,1,3.2516,2,0.2667,2.6826,1.9127,0.0634,0.0095
apple.com,9,0,1,2.9477,2,0.1944,2.6826,1.9127,0.0634,0.0086
apple.com,9,0,1,2.9477,2,0.1944,2.6826,1.9127,0.0634,0.0086
apple.com,9,0,1,2.9477,2,0.1944,2.6826,1.9127,0.0634,0.0086
apple.com,9,0,1,2.9477,2,0.1944,2.6826,1.9127,0.0634,0.0086
facebook.com,12,0,1,3.0221,2,0.3889,2.6826,1.9127,0.0634,0.0
facebook.com,12,0,1,3.0221,2,0.3889,2.6826,1.9127,0.0634,0.0
facebook.com,12,0,1,3.0221,2,0.3889,2.6826,1.9127,0.0634,0.0
facebook.com,12,0,1,3.0221,2,0.3889,2.6826,1.9127,0.0634,0.0
api.bilibili.com,16,0,1,2.8994,3,0.4861,2.6826,1.9127,0.0634,0.0
api.bilibili.com,16,0,1,2.8994,3,0.4861,2.6826,1.9127,0.0634,0.0
twitter.com,11,0,1,3.0272,2,0.3232,2.6826,1.9127,0.0634,0.0
twitter.com,11,0,1,3.0272,2,0.3232,2.6826,1.9127,0.0634,0.0
twitter.com,11,0,1,3.0272,2,0.3232,2.6826,1.9127,0.0634,0.0
twitter.com,11,0,1,3.0272,2,0.3232,2.6826,1.9127,0.0634,0.0
twitter.com,11,0,1,3.0272,2,0.3232,2.6826,1.9127,0.0634,0.0
twitter.com,11,0,1,3.0272,2,0.3232,2.6826,1.9127,0.0634,0.0
twitter.com,11,0,1,3.0272,2,0.3232,2.6826,1.9127,0.0634,0.0
assets.msn.com,14,0,1,2.9502,3,0.4762,2.6826,1.9127,0.0634,0.003
assets.msn.com,14,0,1,2.9502,3,0.4762,2.6826,1.9127,0.0634,0.003
google.com,10,0,1,2.6464,2,0.4286,2.6826,1.9127,0.0634,0.0189
google.com,10,0,1,2.6464,2,0.4286,2.6826,1.9127,0.0634,0.0189
microsoft.com,13,0,1,3.027,2,0.4103,2.6826,1.9127,0.0634,0.0088
microsoft.com,13,0,1,3.027,2,0.4103,2.6826,1.9127,0.0634,0.0088
twitter.com,11,0,1,3.0272,2,0.3232,2.6826,1.9127,0.0634,0.0
twitter.com,11,0,1,3.0272,2,0.3232,2.6826,1.9127,0.0634,0.0
twitter.com,11,0,1,3.0272,2,0.3232,2.6826,1.9127,0.0634,0.0
twitter.com,11,0,1,3.0272,2,0.3232,2.6826,1.9127,0.0634,0.0
twitter.com,11,0,1,3.0272,2,0.3232,2.6826,1.9127,0.0634,0.0
twitter.com,11,0,1,3.0272,2,0.3232,2.6826,1.9127,0.0634,0.0
microsoft.com,13,0,1,3.027,2,0.4103,2.6826,1.9127,0.0634,0.0088
microsoft.com,13,0,1,3.027,2,0.4103,2.6826,1.9127,0.0634,0.0088
reddit.com,10,0,1,3.1219,2,0.1778,2.6826,1.9127,0.0634,0.0
reddit.com,10,0,1,3.1219,2,0.1778,2.6826,1.9127,0.0634,0.0
reddit.com,10,0,1,3.1219,2,0.1778,2.6826,1.9127,0.0634,0.0
reddit.com,10,0,1,3.1219,2,0.1778,2.6826,1.9127,0.0634,0.0
twitter.com,11,0,1,3.0272,2,0.3232,2.6826,1.9127,0.0634,0.0
twitter.com,11,0,1,3.0272,2,0.3232,2.6826,1.9127,0.0634,0.0
twitter.com,11,0,1,3.0272,2,0.3232,2.6826,1.9127,0.0634,0.0
twitter.com,11,0,1,3.0272,2,0.3232,2.6826,1.9127,0.0634,0.0
github.com,10,0,1,3.3219,2,0.0,2.6826,1.9127,0.0634,0.005
github.com,10,0,1,3.3219,2,0.0,2.6826,1.9127,0.0634,0.005
twitter.com,11,0,1,3.0272,2,0.3232,2.6826,1.9127,0.0634,0.0
twitter.com,11,0,1,3.0272,2,0.3232,2.6826,1.9127,0.0634,0.0
twitter.com,11,0,1,3.0272,2,0.3232,2.6826,1.9127,0.0634,0.0
github.com,10,0,1,3.3219,2,0.0,2.6826,1.9127,0.0634,0.005
github.com,10,0,1,3.3219,2,0.0,2.6826,1.9127,0.0634,0.005
wikipedia.org,13,0,1,3.3347,2,0.2797,2.6826,1.9127,0.0634,0.0
wikipedia.org,13,0,1,3.3347,2,0.2797,2.6826,1.9127,0.0634,0.0
wikipedia.org,13,0,1,3.3347,2,0.2797,2.6826,1.9127,0.0634,0.0
github.com,10,0,1,3.3219,2,0.0,2.6826,1.9127,0.0634,0.005
github.com,10,0,1,3.3219,2,0.0,2.6826,1.9127,0.0634,0.005
microsoft.com,13,0,1,3.027,2,0.4103,2.6826,1.9127,0.0634,0.0088
microsoft.com,13,0,1,3.027,2,0.4103,2.6826,1.9127,0.0634,0.0088
facebook.com,12,0,1,3.0221,2,0.3889,2.6826,1.9127,0.0634,0.0
facebook.com,12,0,1,3.0221,2,0.3889,2.6826,1.9127,0.0634,0.0
facebook.com,12,0,1,3.0221,2,0.3889,2.6826,1.9127,0.0634,0.0
wikipedia.org,13,0,1,3.3347,2,0.2797,2.6826,1.9127,0.0634,0.0
wikipedia.org,13,0,1,3.3347,2,0.2797,2.6826,1.9127,0.0634,0.0
wikipedia.org,13,0,1,3.3347,2,0.2797,2.6826,1.9127,0.0634,0.0
data.bilibili.com,17,0,1,3.1463,3,0.4118,2.6826,1.9127,0.0634,0.0028
data.bilibili.com,17,0,1,3.1463,3,0.4118,2.6826,1.9127,0.0634,0.0028
wikipedia.org,13,0,1,3.3347,2,0.2797,2.6826,1.9127,0.0634,0.0
wikipedia.org,13,0,1,3.3347,2,0.2797,2.6826,1.9127,0.0634,0.0
wikipedia.org,13,0,1,3.3347,2,0.2797,2.6826,1.9127,0.0634,0.0
wikipedia.org,13,0,1,3.3347,2,0.2797,2.6826,1.9127,0.0634,0.0
github.com,10,0,1,3.3219,2,0.0,2.6826,1.9127,0.0634,0.005
github.com,10,0,1,3.3219,2,0.0,2.6826,1.9127,0.0634,0.005
microsoft.com,13,0,1,3.027,2,0.4103,2.6826,1.9127,0.0634,0.0088
microsoft.com,13,0,1,3.027,2,0.4103,2.6826,1.9127,0.0634,0.0088
www.msftconnecttest.com,23,0,1,3.2405,3,0.2696,2.6826,1.9127,0.0634,0.0029
www.msftconnecttest.com,23,0,1,3.2405,3,0.2696,2.6826,1.9127,0.0634,0.0029
facebook.com,12,0,1,3.0221,2,0.3889,2.6826,1.9127,0.0634,0.0
facebook.com,12,0,1,3.0221,2,0.3889,2.6826,1.9127,0.0634,0.0
facebook.com,12,0,1,3.0221,2,0.3889,2.6826,1.9127,0.0634,0.0
apple.com,9,0,1,2.9477,2,0.1944,2.6826,1.9127,0.0634,0.0086
apple.com,9,0,1,2.9477,2,0.1944,2.6826,1.9127,0.0634,0.0086
mobile.events.data.microsoft.com,32,0,1,3.8042,5,0.4375,2.6826,1.9127,0.0634,0.0
mobile.events.data.microsoft.com,32,0,65,3.8042,5,0.4375,2.6826,1.9127,0.0634,0.0
wikipedia.org,13,0,1,3.3347,2,0.2797,2.6826,1.9127,0.0634,0.0
mobile.events.data.microsoft.com,32,0,65,3.8042,5,0.4375,2.6826,1.9127,0.0634,0.0
mobile.events.data.microsoft.com,32,0,1,3.8042,5,0.4375,2.6826,1.9127,0.0634,0.0
wikipedia.org,13,0,1,3.3347,2,0.2797,2.6826,1.9127,0.0634,0.0
wikipedia.org,13,0,1,3.3347,2,0.2797,2.6826,1.9127,0.0634,0.0
wikipedia.org,13,0,1,3.3347,2,0.2797,2.6826,1.9127,0.0634,0.0
reddit.com,10,0,1,3.1219,2,0.1778,2.6826,1.9127,0.0634,0.0
reddit.com,10,0,1,3.1219,2,0.1778,2.6826,1.9127,0.0634,0.0
reddit.com,10,0,1,3.1219,2,0.1778,2.6826,1.9127,0.0634,0.0
reddit.com,10,0,1,3.1219,2,0.1778,2.6826,1.9127,0.0634,0.0
google.com,10,0,1,2.6464,2,0.4286,2.6826,1.9127,0.0634,0.0189
google.com,10,0,1,2.6464,2,0.4286,2.6826,1.9127,0.0634,0.0189
microsoft.com,13,0,1,3.027,2,0.4103,2.6826,1.9127,0.0634,0.0088
microsoft.com,13,0,1,3.027,2,0.4103,2.6826,1.9127,0.0634,0.0088
google.com,10,0,1,2.6464,2,0.4286,2.6826,1.9127,0.0634,0.0189
google.com,10,0,1,2.6464,2,0.4286,2.6826,1.9127,0.0634,0.0189
google.com,10,0,1,2.6464,2,0.4286,2.6826,1.9127,0.0634,0.0189
google.com,10,0,1,2.6464,2,0.4286,2.6826,1.9127,0.0634,0.0189
twitter.com,11,0,1,3.0272,2,0.3232,2.6826,1.9127,0.0634,0.0
twitter.com,11,0,1,3.0272,2,0.3232,2.6826,1.9127,0.0634,0.0
twitter.com,11,0,1,3.0272,2,0.3232,2.6826,1.9127,0.0634,0.0
twitter.com,11,0,1,3.0272,2,0.3232,2.6826,1.9127,0.0634,0.0
twitter.com,11,0,1,3.0272,2,0.3232,2.6826,1.9127,0.0634,0.0
twitter.com,11,0,1,3.0272,2,0.3232,2.6826,1.9127,0.0634,0.0
twitter.com,11,0,1,3.0272,2,0.3232,2.6826,1.9127,0.0634,0.0
twitter.com,11,0,1,3.0272,2,0.3232,2.6826,1.9127,0.0634,0.0
github.com,10,0,1,3.3219,2,0.0,2.6826,1.9127,0.0634,0.005
github.com,10,0,1,3.3219,2,0.0,2.6826,1.9127,0.0634,0.005
github.com,10,0,1,3.3219,2,0.0,2.6826,1.9127,0.0634,0.005
github.com,10,0,1,3.3219,2,0.0,2.6826,1.9127,0.0634,0.005
facebook.com,12,0,1,3.0221,2,0.3889,2.6826,1.9127,0.0634,0.0
facebook.com,12,0,1,3.0221,2,0.3889,2.6826,1.9127,0.0634,0.0
facebook.com,12,0,1,3.0221,2,0.3889,2.6826,1.9127,0.0634,0.0
google.com,10,0,1,2.6464,2,0.4286,2.6826,1.9127,0.0634,0.0189
google.com,10,0,1,2.6464,2,0.4286,2.6826,1.9127,0.0634,0.0189
apple.com,9,0,1,2.9477,2,0.1944,2.6826,1.9127,0.0634,0.0086
apple.com,9,0,1,2.9477,2,0.1944,2.6826,1.9127,0.0634,0.0086
sslvpn3.scut.edu.cn,19,0,1,3.4316,4,0.4298,2.6826,1.9127,0.0634,0.0028
sslvpn3.scut.edu.cn,19,0,1,3.4316,4,0.4298,2.6826,1.9127,0.0634,0.0028
microsoft.com,13,0,1,3.027,2,0.4103,2.6826,1.9127,0.0634,0.0088
microsoft.com,13,0,1,3.027,2,0.4103,2.6826,1.9127,0.0634,0.0088
wikipedia.org,13,0,1,3.3347,2,0.2797,2.6826,1.9127,0.0634,0.0
wikipedia.org,13,0,1,3.3347,2,0.2797,2.6826,1.9127,0.0634,0.0
wikipedia.org,13,0,1,3.3347,2,0.2797,2.6826,1.9127,0.0634,0.0
wikipedia.org,13,0,1,3.3347,2,0.2797,2.6826,1.9127,0.0634,0.0
twitter.com,11,0,1,3.0272,2,0.3232,2.6826,1.9127,0.0634,0.0
twitter.com,11,0,1,3.0272,2,0.3232,2.6826,1.9127,0.0634,0.0
twitter.com,11,0,1,3.0272,2,0.3232,2.6826,1.9127,0.0634,0.0
twitter.com,11,0,1,3.0272,2,0.3232,2.6826,1.9127,0.0634,0.0
apple.com,9,0,1,2.9477,2,0.1944,2.6826,1.9127,0.0634,0.0086
apple.com,9,0,1,2.9477,2,0.1944,2.6826,1.9127,0.0634,0.0086
www.msftconnecttest.com,23,0,1,3.2405,3,0.2696,2.6826,1.9127,0.0634,0.0029
www.msftconnecttest.com,23,0,1,3.2405,3,0.2696,2.6826,1.9127,0.0634,0.0029
www.163.com,11,0,1,2.8454,3,0.4091,2.6826,1.9127,0.0634,0.0027
www.163.com,11,0,1,2.8454,3,0.4091,2.6826,1.9127,0.0634,0.0027
api.bilibili.com,16,0,1,2.8994,3,0.4861,2.6826,1.9127,0.0634,0.0
api.bilibili.com,16,0,1,2.8994,3,0.4861,2.6826,1.9127,0.0634,0.0
i0.hdslb.com,12,0,1,3.4183,3,0.1515,2.6826,1.9127,0.0634,0.003
i0.hdslb.com,12,0,1,3.4183,3,0.1515,2.6826,1.9127,0.0634,0.003
www.msftconnecttest.com,23,0,1,3.2405,3,0.2696,2.6826,1.9127,0.0634,0.0029
www.msftconnecttest.com,23,0,1,3.2405,3,0.2696,2.6826,1.9127,0.0634,0.0029
www.msftconnecttest.com,23,0,1,3.2405,3,0.2696,2.6826,1.9127,0.0634,0.0029
www.msftconnecttest.com,23,0,1,3.2405,3,0.2696,2.6826,1.9127,0.0634,0.0029
www.163.com,11,0,1,2.8454,3,0.4091,2.6826,1.9127,0.0634,0.0027
www.163.com,11,0,1,2.8454,3,0.4091,2.6826,1.9127,0.0634,0.0027
api.bilibili.com,16,0,1,2.8994,3,0.4861,2.6826,1.9127,0.0634,0.0
api.bilibili.com,16,0,1,2.8994,3,0.4861,2.6826,1.9127,0.0634,0.0
v20.events.data.microsoft.com,29,0,1,3.8404,5,0.3922,2.6826,1.9127,0.0634,0.0028
v20.events.data.microsoft.com,29,0,1,3.8404,5,0.3922,2.6826,1.9127,0.0634,0.0028
main.vscode-cdn.net,19,0,1,3.5766,3,0.3887,2.6826,1.9127,0.0634,0.0
main.vscode-cdn.net,19,0,65,3.5766,3,0.3887,2.6826,1.9127,0.0634,0.0
main.vscode-cdn.net,19,0,1,3.5766,3,0.3887,2.6826,1.9127,0.0634,0.0
main.vscode-cdn.net,19,0,65,3.5766,3,0.3887,2.6826,1.9127,0.0634,0.0
www.msftconnecttest.com,23,0,1,3.2405,3,0.2696,2.6826,1.9127,0.0634,0.0029
www.msftconnecttest.com,23,0,1,3.2405,3,0.2696,2.6826,1.9127,0.0634,0.0029
settings-win.data.microsoft.com,31,0,1,3.8245,4,0.4234,2.6826,1.9127,0.0634,0.0028
settings-win.data.microsoft.com,31,0,1,3.8245,4,0.4234,2.6826,1.9127,0.0634,0.0028
www.msftconnecttest.com,23,0,1,3.2405,3,0.2696,2.6826,1.9127,0.0634,0.0029
www.msftconnecttest.com,23,0,1,3.2405,3,0.2696,2.6826,1.9127,0.0634,0.0029
report.url.cn,13,0,1,3.1808,3,0.3692,2.6826,1.9127,0.0634,0.0104
report.url.cn,13,0,1,3.1808,3,0.3692,2.6826,1.9127,0.0634,0.0104
www.163.com,11,0,1,2.8454,3,0.4091,2.6826,1.9127,0.0634,0.0027
www.163.com,11,0,1,2.8454,3,0.4091,2.6826,1.9127,0.0634,0.0027
i0.hdslb.com,12,0,1,3.4183,3,0.1515,2.6826,1.9127,0.0634,0.003
i0.hdslb.com,12,0,1,3.4183,3,0.1515,2.6826,1.9127,0.0634,0.003
www.msftconnecttest.com,23,0,1,3.2405,3,0.2696,2.6826,1.9127,0.0634,0.0029
www.msftconnecttest.com,23,0,1,3.2405,3,0.2696,2.6826,1.9127,0.0634,0.0029
mobile.events.data.microsoft.com,32,0,1,3.8042,5,0.4375,2.6826,1.9127,0.0634,0.0
mobile.events.data.microsoft.com,32,0,65,3.8042,5,0.4375,2.6826,1.9127,0.0634,0.0
mobile.events.data.microsoft.com,32,0,1,3.8042,5,0.4375,2.6826,1.9127,0.0634,0.0
mobile.events.data.microsoft.com,32,0,65,3.8042,5,0.4375,2.6826,1.9127,0.0634,0.0
ssl.ptlogin2.qq.com,19,0,1,3.5766,4,0.3887,2.6826,1.9127,0.0634,0.0029
ssl.ptlogin2.qq.com,19,0,1,3.5766,4,0.3887,2.6826,1.9127,0.0634,0.0029
ptlogin2.wegame.com.cn,22,0,1,3.6978,4,0.3636,2.6826,1.9127,0.0634,0.0029
ptlogin2.wegame.com.cn,22,0,1,3.6978,4,0.3636,2.6826,1.9127,0.0634,0.0029
www.wegame.com.cn,17,0,1,2.9842,4,0.4183,2.6826,1.9127,0.0634,0.0029
www.wegame.com.cn,17,0,1,2.9842,4,0.4183,2.6826,1.9127,0.0634,0.0029
www.msftconnecttest.com,23,0,1,3.2405,3,0.2696,2.6826,1.9127,0.0634,0.0029
www.msftconnecttest.com,23,0,1,3.2405,3,0.2696,2.6826,1.9127,0.0634,0.0029
www.163.com,11,0,1,2.8454,3,0.4091,2.6826,1.9127,0.0634,0.0027
www.163.com,11,0,1,2.8454,3,0.4091,2.6826,1.9127,0.0634,0.0027
ied-tqos-tgp.qq.com,19,0,1,3.5766,3,0.3887,2.6826,1.9127,0.0634,0.0028
ied-tqos-tgp.qq.com,19,0,1,3.5766,3,0.3887,2.6826,1.9127,0.0634,0.0028
itop.qq.com,11,0,1,2.914,3,0.3409,2.6826,1.9127,0.0634,0.003
itop.qq.com,11,0,1,2.914,3,0.3409,2.6826,1.9127,0.0634,0.003
www.msftconnecttest.com,23,0,1,3.2405,3,0.2696,2.6826,1.9127,0.0634,0.0029
www.msftconnecttest.com,23,0,1,3.2405,3,0.2696,2.6826,1.9127,0.0634,0.0029
www.msftconnecttest.com,23,0,1,3.2405,3,0.2696,2.6826,1.9127,0.0634,0.0029
www.msftconnecttest.com,23,0,1,3.2405,3,0.2696,2.6826,1.9127,0.0634,0.0029
www.163.com,11,0,1,2.8454,3,0.4091,2.6826,1.9127,0.0634,0.0027
www.163.com,11,0,1,2.8454,3,0.4091,2.6826,1.9127,0.0634,0.0027
gx-target-experiments-frontend-api.gx.nvidia.cn,47,0,1,3.959,4,0.4634,2.6826,1.9127,0.0634,0.0029
gx-target-experiments-frontend-api.gx.nvidia.cn,47,0,1,3.959,4,0.4634,2.6826,1.9127,0.0634,0.0029
light-cfg-1251626029.file.myqcloud.com,38,0,1,4.3264,4,0.3828,2.6826,1.9127,0.0634,0.0029
light-cfg-1251626029.file.myqcloud.com,38,0,1,4.3264,4,0.3828,2.6826,1.9127,0.0634,0.0029
data.bilibili.com,17,0,1,3.1463,3,0.4118,2.6826,1.9127,0.0634,0.0028
data.bilibili.com,17,0,1,3.1463,3,0.4118,2.6826,1.9127,0.0634,0.0028
www.msftconnecttest.com,23,0,1,3.2405,3,0.2696,2.6826,1.9127,0.0634,0.0029
www.msftconnecttest.com,23,0,1,3.2405,3,0.2696,2.6826,1.9127,0.0634,0.0029
skydrive.wns.windows.com,24,0,1,3.6573,4,0.4167,2.6826,1.9127,0.0634,0.0029
skydrive.wns.windows.com,24,0,1,3.6573,4,0.4167,2.6826,1.9127,0.0634,0.0029
sslvpn3.scut.edu.cn,19,0,1,3.4316,4,0.4298,2.6826,1.9127,0.0634,0.0028
sslvpn3.scut.edu.cn,19,0,1,3.4316,4,0.4298,2.6826,1.9127,0.0634,0.0028
www.msftconnecttest.com,23,0,1,3.2405,3,0.2696,2.6826,1.9127,0.0634,0.0029
www.msftconnecttest.com,23,0,1,3.2405,3,0.2696,2.6826,1.9127,0.0634,0.0029
www.163.com,11,0,1,2.8454,3,0.4091,2.6826,1.9127,0.0634,0.0027
www.163.com,11,0,1,2.8454,3,0.4091,2.6826,1.9127,0.0634,0.0027
tqos.gamesafe.qq.com,20,0,1,3.3464,4,0.3273,2.6826,1.9127,0.0634,0.0029
tqos.gamesafe.qq.com,20,0,1,3.3464,4,0.3273,2.6826,1.9127,0.0634,0.0029
tqos.anticheatexpert.com,24,0,1,3.7202,3,0.45,2.6826,1.9127,0.0634,0.0029
tqos.anticheatexpert.com,24,0,1,3.7202,3,0.45,2.6826,1.9127,0.0634,0.0029
cschannel.anticheatexpert.com,29,0,1,3.6764,3,0.5149,2.6826,1.9127,0.0634,0.0031
cschannel.anticheatexpert.com,29,0,1,3.6764,3,0.5149,2.6826,1.9127,0.0634,0.0031
light-cfg-1251626029.file.myqcloud.com,38,0,1,4.3264,4,0.3828,2.6826,1.9127,0.0634,0.0029
light-cfg-1251626029.file.myqcloud.com,38,0,1,4.3264,4,0.3828,2.6826,1.9127,0.0634,0.0029
honeycomb-plugins.wpscdn.cn,27,0,1,3.9862,3,0.4444,2.6826,1.9127,0.0634,0.003
honeycomb-plugins.wpscdn.cn,27,0,1,3.9862,3,0.4444,2.6826,1.9127,0.0634,0.003
www.msftconnecttest.com,23,0,1,3.2405,3,0.2696,2.6826,1.9127,0.0634,0.0029
www.msftconnecttest.com,23,0,1,3.2405,3,0.2696,2.6826,1.9127,0.0634,0.0029
mobile.events.data.microsoft.com,32,0,1,3.8042,5,0.4375,2.6826,1.9127,0.0634,0.0
mobile.events.data.microsoft.com,32,0,65,3.8042,5,0.4375,2.6826,1.9127,0.0634,0.0
mobile.events.data.microsoft.com,32,0,1,3.8042,5,0.4375,2.6826,1.9127,0.0634,0.0
mobile.events.data.microsoft.com,32,0,65,3.8042,5,0.4375,2.6826,1.9127,0.0634,0.0
www.msftconnecttest.com,23,0,1,3.2405,3,0.2696,2.6826,1.9127,0.0634,0.0029
www.msftconnecttest.com,23,0,1,3.2405,3,0.2696,2.6826,1.9127,0.0634,0.0029
www.163.com,11,0,1,2.8454,3,0.4091,2.6826,1.9127,0.0634,0.0027
www.163.com,11,0,1,2.8454,3,0.4091,2.6826,1.9127,0.0634,0.0027
main.vscode-cdn.net,19,0,1,3.5766,3,0.3887,2.6826,1.9127,0.0634,0.0
main.vscode-cdn.net,19,0,65,3.5766,3,0.3887,2.6826,1.9127,0.0634,0.0
main.vscode-cdn.net,19,0,65,3.5766,3,0.3887,2.6826,1.9127,0.0634,0.0
main.vscode-cdn.net,19,0,1,3.5766,3,0.3887,2.6826,1.9127,0.0634,0.0
main.vscode-cdn.net,19,0,1,3.5766,3,0.3887,2.6826,1.9127,0.0634,0.0
main.vscode-cdn.net,19,0,65,3.5766,3,0.3887,2.6826,1.9127,0.0634,0.0
main.vscode-cdn.net,19,0,1,3.5766,3,0.3887,2.6826,1.9127,0.0634,0.0
main.vscode-cdn.net,19,0,65,3.5766,3,0.3887,2.6826,1.9127,0.0634,0.0
www.msftconnecttest.com,23,0,1,3.2405,3,0.2696,2.6826,1.9127,0.0634,0.0029
www.msftconnecttest.com,23,0,1,3.2405,3,0.2696,2.6826,1.9127,0.0634,0.0029
www.msftconnecttest.com,23,0,1,3.2405,3,0.2696,2.6826,1.9127,0.0634,0.0029
www.msftconnecttest.com,23,0,1,3.2405,3,0.2696,2.6826,1.9127,0.0634,0.0029
www.163.com,11,0,1,2.8454,3,0.4091,2.6826,1.9127,0.0634,0.0027
www.163.com,11,0,1,2.8454,3,0.4091,2.6826,1.9127,0.0634,0.0027
www.msftconnecttest.com,23,0,1,3.2405,3,0.2696,2.6826,1.9127,0.0634,0.0029
www.msftconnecttest.com,23,0,1,3.2405,3,0.2696,2.6826,1.9127,0.0634,0.0029
www.msftconnecttest.com,23,0,1,3.2405,3,0.2696,2.6826,1.9127,0.0634,0.0029
www.msftconnecttest.com,23,0,1,3.2405,3,0.2696,2.6826,1.9127,0.0634,0.0029
www.163.com,11,0,1,2.8454,3,0.4091,2.6826,1.9127,0.0634,0.0027
www.163.com,11,0,1,2.8454,3,0.4091,2.6826,1.9127,0.0634,0.0027
i0.hdslb.com,12,0,1,3.4183,3,0.1515,2.6826,1.9127,0.0634,0.003
i0.hdslb.com,12,0,1,3.4183,3,0.1515,2.6826,1.9127,0.0634,0.003
mobile.events.data.microsoft.com,32,0,1,3.8042,5,0.4375,2.6826,1.9127,0.0634,0.0
mobile.events.data.microsoft.com,32,0,65,3.8042,5,0.4375,2.6826,1.9127,0.0634,0.0
mobile.events.data.microsoft.com,32,0,1,3.8042,5,0.4375,2.6826,1.9127,0.0634,0.0
mobile.events.data.microsoft.com,32,0,65,3.8042,5,0.4375,2.6826,1.9127,0.0634,0.0
www.msftconnecttest.com,23,0,1,3.2405,3,0.2696,2.6826,1.9127,0.0634,0.0029
www.msftconnecttest.com,23,0,1,3.2405,3,0.2696,2.6826,1.9127,0.0634,0.0029
www.msftconnecttest.com,23,0,1,3.2405,3,0.2696,2.6826,1.9127,0.0634,0.0029
www.msftconnecttest.com,23,0,1,3.2405,3,0.2696,2.6826,1.9127,0.0634,0.0029
www.163.com,11,0,1,2.8454,3,0.4091,2.6826,1.9127,0.0634,0.0027
www.163.com,11,0,1,2.8454,3,0.4091,2.6826,1.9127,0.0634,0.0027
data.bilibili.com,17,0,1,3.1463,3,0.4118,2.6826,1.9127,0.0634,0.0028
data.bilibili.com,17,0,1,3.1463,3,0.4118,2.6826,1.9127,0.0634,0.0028
www.msftconnecttest.com,23,0,1,3.2405,3,0.2696,2.6826,1.9127,0.0634,0.0029
www.msftconnecttest.com,23,0,1,3.2405,3,0.2696,2.6826,1.9127,0.0634,0.0029
v10.events.data.microsoft.com,29,0,1,3.8404,5,0.3922,2.6826,1.9127,0.0634,0.0035
v10.events.data.microsoft.com,29,0,1,3.8404,5,0.3922,2.6826,1.9127,0.0634,0.0035
v20.events.data.microsoft.com,29,0,1,3.8404,5,0.3922,2.6826,1.9127,0.0634,0.0028
v20.events.data.microsoft.com,29,0,1,3.8404,5,0.3922,2.6826,1.9127,0.0634,0.0028
sslvpn3.scut.edu.cn,19,0,1,3.4316,4,0.4298,2.6826,1.9127,0.0634,0.0028
sslvpn3.scut.edu.cn,19,0,1,3.4316,4,0.4298,2.6826,1.9127,0.0634,0.0028
www.msftconnecttest.com,23,0,1,3.2405,3,0.2696,2.6826,1.9127,0.0634,0.0029
www.msftconnecttest.com,23,0,1,3.2405,3,0.2696,2.6826,1.9127,0.0634,0.0029
www.163.com,11,0,1,2.8454,3,0.4091,2.6826,1.9127,0.0634,0.0027
www.163.com,11,0,1,2.8454,3,0.4091,2.6826,1.9127,0.0634,0.0027
i0.hdslb.com,12,0,1,3.4183,3,0.1515,2.6826,1.9127,0.0634,0.003
i0.hdslb.com,12,0,1,3.4183,3,0.1515,2.6826,1.9127,0.0634,0.003
api.bilibili.com,16,0,1,2.8994,3,0.4861,2.6826,1.9127,0.0634,0.0
api.bilibili.com,16,0,1,2.8994,3,0.4861,2.6826,1.9127,0.0634,0.0
www.msftconnecttest.com,23,0,1,3.2405,3,0.2696,2.6826,1.9127,0.0634,0.0029
www.msftconnecttest.com,23,0,1,3.2405,3,0.2696,2.6826,1.9127,0.0634,0.0029
api.bilibili.com,16,0,1,2.8994,3,0.4861,2.6826,1.9127,0.0634,0.0
api.bilibili.com,16,0,1,2.8994,3,0.4861,2.6826,1.9127,0.0634,0.0
www.msftconnecttest.com,23,0,1,3.2405,3,0.2696,2.6826,1.9127,0.0634,0.0029
www.msftconnecttest.com,23,0,1,3.2405,3,0.2696,2.6826,1.9127,0.0634,0.0029
www.msn.cn,10,0,1,2.4464,3,0.4,2.6826,1.9127,0.0634,0.0
www.msn.cn,10,0,65,2.4464,3,0.4,2.6826,1.9127,0.0634,0.0
www.msn.cn,10,0,1,2.4464,3,0.4,2.6826,1.9127,0.0634,0.0
www.msn.cn,10,0,65,2.4464,3,0.4,2.6826,1.9127,0.0634,0.0
www.163.com,11,0,1,2.8454,3,0.4091,2.6826,1.9127,0.0634,0.0027
www.163.com,11,0,1,2.8454,3,0.4091,2.6826,1.9127,0.0634,0.0027
img-s.msn.cn,12,0,1,2.9183,3,0.3333,2.6826,1.9127,0.0634,0.0002
img-s.msn.cn,12,0,65,2.9183,3,0.3333,2.6826,1.9127,0.0634,0.0002
ts3.tc.mm.bing.net,18,0,1,3.2391,5,0.4949,2.6826,1.9127,0.0634,0.0
ts3.tc.mm.bing.net,18,0,65,3.2391,5,0.4949,2.6826,1.9127,0.0634,0.0
img-s.msn.cn,12,0,65,2.9183,3,0.3333,2.6826,1.9127,0.0634,0.0002
ts3.tc.mm.bing.net,18,0,1,3.2391,5,0.4949,2.6826,1.9127,0.0634,0.0
ts3.tc.mm.bing.net,18,0,65,3.2391,5,0.4949,2.6826,1.9127,0.0634,0.0
img-s.msn.cn,12,0,1,2.9183,3,0.3333,2.6826,1.9127,0.0634,0.0002
assets.msn.cn,13,0,1,2.7774,3,0.4808,2.6826,1.9127,0.0634,0.0002
assets.msn.cn,13,0,65,2.7774,3,0.4808,2.6826,1.9127,0.0634,0.0002
assets.msn.cn,13,0,1,2.7774,3,0.4808,2.6826,1.9127,0.0634,0.0002
assets.msn.cn,13,0,65,2.7774,3,0.4808,2.6826,1.9127,0.0634,0.0002
v20.events.data.microsoft.com,29,0,1,3.8404,5,0.3922,2.6826,1.9127,0.0634,0.0028
v20.events.data.microsoft.com,29,0,1,3.8404,5,0.3922,2.6826,1.9127,0.0634,0.0028
main.vscode-cdn.net,19,0,1,3.5766,3,0.3887,2.6826,1.9127,0.0634,0.0
main.vscode-cdn.net,19,0,65,3.5766,3,0.3887,2.6826,1.9127,0.0634,0.0
main.vscode-cdn.net,19,0,65,3.5766,3,0.3887,2.6826,1.9127,0.0634,0.0
main.vscode-cdn.net,19,0,1,3.5766,3,0.3887,2.6826,1.9127,0.0634,0.0
westus-0.in.applicationinsights.azure.com,41,0,1,4.0923,5,0.4732,2.6826,1.9127,0.0634,0.003
westus-0.in.applicationinsights.azure.com,41,0,1,4.0923,5,0.4732,2.6826,1.9127,0.0634,0.003
api.bilibili.com,16,0,1,2.8994,3,0.4861,2.6826,1.9127,0.0634,0.0
api.bilibili.com,16,0,1,2.8994,3,0.4861,2.6826,1.9127,0.0634,0.0
api.github.com,14,0,1,3.5216,3,0.2381,2.6826,1.9127,0.0634,0.0001
api.github.com,14,0,65,3.5216,3,0.2381,2.6826,1.9127,0.0634,0.0001
api.github.com,14,0,1,3.5216,3,0.2381,2.6826,1.9127,0.0634,0.0001
api.github.com,14,0,65,3.5216,3,0.2381,2.6826,1.9127,0.0634,0.0001
mobile.events.data.microsoft.com,32,0,1,3.8042,5,0.4375,2.6826,1.9127,0.0634,0.0
mobile.events.data.microsoft.com,32,0,65,3.8042,5,0.4375,2.6826,1.9127,0.0634,0.0
mobile.events.data.microsoft.com,32,0,1,3.8042,5,0.4375,2.6826,1.9127,0.0634,0.0
mobile.events.data.microsoft.com,32,0,65,3.8042,5,0.4375,2.6826,1.9127,0.0634,0.0
www.msftconnecttest.com,23,0,1,3.2405,3,0.2696,2.6826,1.9127,0.0634,0.0029
www.msftconnecttest.com,23,0,1,3.2405,3,0.2696,2.6826,1.9127,0.0634,0.0029
copilot-telemetry.githubusercontent.com,39,0,1,3.904,3,0.4786,2.6826,1.9127,0.0634,0.0029
copilot-telemetry.githubusercontent.com,39,0,1,3.904,3,0.4786,2.6826,1.9127,0.0634,0.0029
assets.msn.com,14,0,1,2.9502,3,0.4762,2.6826,1.9127,0.0634,0.003
assets.msn.com,14,0,1,2.9502,3,0.4762,2.6826,1.9127,0.0634,0.003
www.msftconnecttest.com,23,0,1,3.2405,3,0.2696,2.6826,1.9127,0.0634,0.0029
www.msftconnecttest.com,23,0,1,3.2405,3,0.2696,2.6826,1.9127,0.0634,0.0029
www.163.com,11,0,1,2.8454,3,0.4091,2.6826,1.9127,0.0634,0.0027
www.163.com,11,0,1,2.8454,3,0.4091,2.6826,1.9127,0.0634,0.0027
i0.hdslb.com,12,0,1,3.4183,3,0.1515,2.6826,1.9127,0.0634,0.003
i0.hdslb.com,12,0,1,3.4183,3,0.1515,2.6826,1.9127,0.0634,0.003
i0.hdslb.com,12,0,1,3.4183,3,0.1515,2.6826,1.9127,0.0634,0.003
i0.hdslb.com,12,0,1,3.4183,3,0.1515,2.6826,1.9127,0.0634,0.003
www.msftconnecttest.com,23,0,1,3.2405,3,0.2696,2.6826,1.9127,0.0634,0.0029
www.msftconnecttest.com,23,0,1,3.2405,3,0.2696,2.6826,1.9127,0.0634,0.0029
assets.msn.com,14,0,1,2.9502,3,0.4762,2.6826,1.9127,0.0634,0.003
assets.msn.com,14,0,1,2.9502,3,0.4762,2.6826,1.9127,0.0634,0.003
www.msftconnecttest.com,23,0,1,3.2405,3,0.2696,2.6826,1.9127,0.0634,0.0029
www.msftconnecttest.com,23,0,1,3.2405,3,0.2696,2.6826,1.9127,0.0634,0.0029
www.163.com,11,0,1,2.8454,3,0.4091,2.6826,1.9127,0.0634,0.0027
www.163.com,11,0,1,2.8454,3,0.4091,2.6826,1.9127,0.0634,0.0027
api.bilibili.com,16,0,1,2.8994,3,0.4861,2.6826,1.9127,0.0634,0.0
api.bilibili.com,16,0,1,2.8994,3,0.4861,2.6826,1.9127,0.0634,0.0
www.msftconnecttest.com,23,0,1,3.2405,3,0.2696,2.6826,1.9127,0.0634,0.0029
www.msftconnecttest.com,23,0,1,3.2405,3,0.2696,2.6826,1.9127,0.0634,0.0029
assets.msn.com,14,0,1,2.9502,3,0.4762,2.6826,1.9127,0.0634,0.003
assets.msn.com,14,0,1,2.9502,3,0.4762,2.6826,1.9127,0.0634,0.003
www.msftconnecttest.com,23,0,1,3.2405,3,0.2696,2.6826,1.9127,0.0634,0.0029
www.msftconnecttest.com,23,0,1,3.2405,3,0.2696,2.6826,1.9127,0.0634,0.0029
www.163.com,11,0,1,2.8454,3,0.4091,2.6826,1.9127,0.0634,0.0027
www.163.com,11,0,1,2.8454,3,0.4091,2.6826,1.9127,0.0634,0.0027
light-cfg-1251626029.file.myqcloud.com,38,0,1,4.3264,4,0.3828,2.6826,1.9127,0.0634,0.0029
light-cfg-1251626029.file.myqcloud.com,38,0,1,4.3264,4,0.3828,2.6826,1.9127,0.0634,0.0029
data.bilibili.com,17,0,1,3.1463,3,0.4118,2.6826,1.9127,0.0634,0.0028
i0.hdslb.com,12,0,1,3.4183,3,0.1515,2.6826,1.9127,0.0634,0.003
data.bilibili.com,17,0,1,3.1463,3,0.4118,2.6826,1.9127,0.0634,0.0028
i0.hdslb.com,12,0,1,3.4183,3,0.1515,2.6826,1.9127,0.0634,0.003
mobile.events.data.microsoft.com,32,0,1,3.8042,5,0.4375,2.6826,1.9127,0.0634,0.0
mobile.events.data.microsoft.com,32,0,65,3.8042,5,0.4375,2.6826,1.9127,0.0634,0.0
api.bilibili.com,16,0,1,2.8994,3,0.4861,2.6826,1.9127,0.0634,0.0
mobile.events.data.microsoft.com,32,0,1,3.8042,5,0.4375,2.6826,1.9127,0.0634,0.0
api.bilibili.com,16,0,1,2.8994,3,0.4861,2.6826,1.9127,0.0634,0.0
mobile.events.data.microsoft.com,32,0,65,3.8042,5,0.4375,2.6826,1.9127,0.0634,0.0
skydrive.wns.windows.com,24,0,1,3.6573,4,0.4167,2.6826,1.9127,0.0634,0.0029
skydrive.wns.windows.com,24,0,1,3.6573,4,0.4167,2.6826,1.9127,0.0634,0.0029
odc.officeapps.live.com,23,0,1,3.5555,4,0.4013,2.6826,1.9127,0.0634,0.0029
odc.officeapps.live.com,23,0,1,3.5555,4,0.4013,2.6826,1.9127,0.0634,0.0029
login.live.com,14,0,1,3.2359,3,0.3429,2.6826,1.9127,0.0634,0.0029
login.live.com,14,0,1,3.2359,3,0.3429,2.6826,1.9127,0.0634,0.0029
www.msftconnecttest.com,23,0,1,3.2405,3,0.2696,2.6826,1.9127,0.0634,0.0029
www.msftconnecttest.com,23,0,1,3.2405,3,0.2696,2.6826,1.9127,0.0634,0.0029
kflow-idle.wpscdn.cn,20,0,1,3.7219,3,0.3429,2.6826,1.9127,0.0634,0.003
kflow-idle.wpscdn.cn,20,0,1,3.7219,3,0.3429,2.6826,1.9127,0.0634,0.003
sslvpn3.scut.edu.cn,19,0,1,3.4316,4,0.4298,2.6826,1.9127,0.0634,0.0028
sslvpn3.scut.edu.cn,19,0,1,3.4316,4,0.4298,2.6826,1.9127,0.0634,0.0028
www.msftconnecttest.com,23,0,1,3.2405,3,0.2696,2.6826,1.9127,0.0634,0.0029
www.msftconnecttest.com,23,0,1,3.2405,3,0.2696,2.6826,1.9127,0.0634,0.0029
www.163.com,11,0,1,2.8454,3,0.4091,2.6826,1.9127,0.0634,0.0027
www.163.com,11,0,1,2.8454,3,0.4091,2.6826,1.9127,0.0634,0.0027
tqos.gamesafe.qq.com,20,0,1,3.3464,4,0.3273,2.6826,1.9127,0.0634,0.0029
tqos.gamesafe.qq.com,20,0,1,3.3464,4,0.3273,2.6826,1.9127,0.0634,0.0029
tqos.anticheatexpert.com,24,0,1,3.7202,3,0.45,2.6826,1.9127,0.0634,0.0029
tqos.anticheatexpert.com,24,0,1,3.7202,3,0.45,2.6826,1.9127,0.0634,0.0029
cschannel.anticheatexpert.com,29,0,1,3.6764,3,0.5149,2.6826,1.9127,0.0634,0.0031
cschannel.anticheatexpert.com,29,0,1,3.6764,3,0.5149,2.6826,1.9127,0.0634,0.0031
api.onedrive.com,16,0,1,3.5,3,0.3333,2.6826,1.9127,0.0634,0.0029
api.onedrive.com,16,0,1,3.5,3,0.3333,2.6826,1.9127,0.0634,0.0029
201572-ipv4.gr.global.aa-rt.sharepoint.com,42,0,1,4.3657,6,0.4643,2.6826,1.9127,0.0634,0.0032
201572-ipv4.gr.global.aa-rt.sharepoint.com,42,0,1,4.3657,6,0.4643,2.6826,1.9127,0.0634,0.0032
www.msftconnecttest.com,23,0,1,3.2405,3,0.2696,2.6826,1.9127,0.0634,0.0029
www.msftconnecttest.com,23,0,1,3.2405,3,0.2696,2.6826,1.9127,0.0634,0.0029
honeycomb-emergency.wpscdn.cn,29,0,1,3.7545,3,0.5043,2.6826,1.9127,0.0634,0.0032
honeycomb-emergency.wpscdn.cn,29,0,1,3.7545,3,0.5043,2.6826,1.9127,0.0634,0.0032
honeycomb-emergency.wps.cn,26,0,1,3.7193,3,0.4513,2.6826,1.9127,0.0634,0.0028
honeycomb-emergency.wps.cn,26,0,1,3.7193,3,0.4513,2.6826,1.9127,0.0634,0.0028
shuc-pc-hunt.ksord.com,22,0,1,3.6978,3,0.3636,2.6826,1.9127,0.0634,0.0028
shuc-pc-hunt.ksord.com,22,0,1,3.6978,3,0.3636,2.6826,1.9127,0.0634,0.0028
www.msftconnecttest.com,23,0,1,3.2405,3,0.2696,2.6826,1.9127,0.0634,0.0029
www.msftconnecttest.com,23,0,1,3.2405,3,0.2696,2.6826,1.9127,0.0634,0.0029
www.163.com,11,0,1,2.8454,3,0.4091,2.6826,1.9127,0.0634,0.0027
www.163.com,11,0,1,2.8454,3,0.4091,2.6826,1.9127,0.0634,0.0027
i0.hdslb.com,12,0,1,3.4183,3,0.1515,2.6826,1.9127,0.0634,0.003
i0.hdslb.com,12,0,1,3.4183,3,0.1515,2.6826,1.9127,0.0634,0.003
main.vscode-cdn.net,19,0,1,3.5766,3,0.3887,2.6826,1.9127,0.0634,0.0
main.vscode-cdn.net,19,0,65,3.5766,3,0.3887,2.6826,1.9127,0.0634,0.0
main.vscode-cdn.net,19,0,1,3.5766,3,0.3887,2.6826,1.9127,0.0634,0.0
main.vscode-cdn.net,19,0,65,3.5766,3,0.3887,2.6826,1.9127,0.0634,0.0
www.msftconnecttest.com,23,0,1,3.2405,3,0.2696,2.6826,1.9127,0.0634,0.0029
www.msftconnecttest.com,23,0,1,3.2405,3,0.2696,2.6826,1.9127,0.0634,0.0029
www.msftconnecttest.com,23,0,1,3.2405,3,0.2696,2.6826,1.9127,0.0634,0.0029
www.msftconnecttest.com,23,0,1,3.2405,3,0.2696,2.6826,1.9127,0.0634,0.0029
www.163.com,11,0,1,2.8454,3,0.4091,2.6826,1.9127,0.0634,0.0027
www.163.com,11,0,1,2.8454,3,0.4091,2.6826,1.9127,0.0634,0.0027
mobile.events.data.microsoft.com,32,0,1,3.8042,5,0.4375,2.6826,1.9127,0.0634,0.0
mobile.events.data.microsoft.com,32,0,65,3.8042,5,0.4375,2.6826,1.9127,0.0634,0.0
mobile.events.data.microsoft.com,32,0,1,3.8042,5,0.4375,2.6826,1.9127,0.0634,0.0
mobile.events.data.microsoft.com,32,0,65,3.8042,5,0.4375,2.6826,1.9127,0.0634,0.0
www.msftconnecttest.com,23,0,1,3.2405,3,0.2696,2.6826,1.9127,0.0634,0.0029
www.msftconnecttest.com,23,0,1,3.2405,3,0.2696,2.6826,1.9127,0.0634,0.0029
www.msftconnecttest.com,23,0,1,3.2405,3,0.2696,2.6826,1.9127,0.0634,0.0029
www.msftconnecttest.com,23,0,1,3.2405,3,0.2696,2.6826,1.9127,0.0634,0.0029
www.163.com,11,0,1,2.8454,3,0.4091,2.6826,1.9127,0.0634,0.0027
www.163.com,11,0,1,2.8454,3,0.4091,2.6826,1.9127,0.0634,0.0027
www.msftconnecttest.com,23,0,1,3.2405,3,0.2696,2.6826,1.9127,0.0634,0.0029
www.msftconnecttest.com,23,0,1,3.2405,3,0.2696,2.6826,1.9127,0.0634,0.0029
www.msftconnecttest.com,23,0,1,3.2405,3,0.2696,2.6826,1.9127,0.0634,0.0029
www.msftconnecttest.com,23,0,1,3.2405,3,0.2696,2.6826,1.9127,0.0634,0.0029
www.163.com,11,0,1,2.8454,3,0.4091,2.6826,1.9127,0.0634,0.0027
www.163.com,11,0,1,2.8454,3,0.4091,2.6826,1.9127,0.0634,0.0027
data.bilibili.com,17,0,1,3.1463,3,0.4118,2.6826,1.9127,0.0634,0.0028
data.bilibili.com,17,0,1,3.1463,3,0.4118,2.6826,1.9127,0.0634,0.0028
www.msftconnecttest.com,23,0,1,3.2405,3,0.2696,2.6826,1.9127,0.0634,0.0029
www.msftconnecttest.com,23,0,1,3.2405,3,0.2696,2.6826,1.9127,0.0634,0.0029
sslvpn3.scut.edu.cn,19,0,1,3.4316,4,0.4298,2.6826,1.9127,0.0634,0.0028
sslvpn3.scut.edu.cn,19,0,1,3.4316,4,0.4298,2.6826,1.9127,0.0634,0.0028
www.163.com,11,0,1,2.8454,3,0.4091,2.6826,1.9127,0.0634,0.0027
www.163.com,11,0,1,2.8454,3,0.4091,2.6826,1.9127,0.0634,0.0027
www.msftconnecttest.com,23,0,1,3.2405,3,0.2696,2.6826,1.9127,0.0634,0.0029
www.msftconnecttest.com,23,0,1,3.2405,3,0.2696,2.6826,1.9127,0.0634,0.0029
g.live.com,10,0,1,3.1219,3,0.1778,2.6826,1.9127,0.0634,0.003
g.live.com,10,0,1,3.1219,3,0.1778,2.6826,1.9127,0.0634,0.003
oneclient.sfx.ms,16,0,1,3.5,3,0.3333,2.6826,1.9127,0.0634,0.0028
oneclient.sfx.ms,16,0,1,3.5,3,0.3333,2.6826,1.9127,0.0634,0.0028
my.microsoftpersonalcontent.com,31,0,1,3.7081,3,0.4301,2.6826,1.9127,0.0634,0.003
my.microsoftpersonalcontent.com,31,0,1,3.7081,3,0.4301,2.6826,1.9127,0.0634,0.003
i0.hdslb.com,12,0,1,3.4183,3,0.1515,2.6826,1.9127,0.0634,0.003
i0.hdslb.com,12,0,1,3.4183,3,0.1515,2.6826,1.9127,0.0634,0.003
mobile.events.data.microsoft.com,32,0,1,3.8042,5,0.4375,2.6826,1.9127,0.0634,0.0
mobile.events.data.microsoft.com,32,0,65,3.8042,5,0.4375,2.6826,1.9127,0.0634,0.0
mobile.events.data.microsoft.com,32,0,65,3.8042,5,0.4375,2.6826,1.9127,0.0634,0.0
mobile.events.data.microsoft.com,32,0,1,3.8042,5,0.4375,2.6826,1.9127,0.0634,0.0
www.msftconnecttest.com,23,0,1,3.2405,3,0.2696,2.6826,1.9127,0.0634,0.0029
www.msftconnecttest.com,23,0,1,3.2405,3,0.2696,2.6826,1.9127,0.0634,0.0029
static.nvidiagrid.net,21,0,1,3.404,3,0.4286,2.6826,1.9127,0.0634,0.0031
static.nvidiagrid.net,21,0,1,3.404,3,0.4286,2.6826,1.9127,0.0634,0.0031
events.gx.nvidia.cn,19,0,1,3.4316,4,0.4298,2.6826,1.9127,0.0634,0.0032
events.gx.nvidia.cn,19,0,1,3.4316,4,0.4298,2.6826,1.9127,0.0634,0.0032
prod.otel.kaizen.nvidia.com,27,0,1,3.8101,5,0.4583,2.6826,1.9127,0.0634,0.0033
prod.otel.kaizen.nvidia.com,27,0,1,3.8101,5,0.4583,2.6826,1.9127,0.0634,0.0033
www.msftconnecttest.com,23,0,1,3.2405,3,0.2696,2.6826,1.9127,0.0634,0.0029
www.msftconnecttest.com,23,0,1,3.2405,3,0.2696,2.6826,1.9127,0.0634,0.0029
www.163.com,11,0,1,2.8454,3,0.4091,2.6826,1.9127,0.0634,0.0027
www.163.com,11,0,1,2.8454,3,0.4091,2.6826,1.9127,0.0634,0.0027
main.vscode-cdn.net,19,0,1,3.5766,3,0.3887,2.6826,1.9127,0.0634,0.0
main.vscode-cdn.net,19,0,65,3.5766,3,0.3887,2.6826,1.9127,0.0634,0.0
main.vscode-cdn.net,19,0,1,3.5766,3,0.3887,2.6826,1.9127,0.0634,0.0
main.vscode-cdn.net,19,0,65,3.5766,3,0.3887,2.6826,1.9127,0.0634,0.0
login.live.com,14,0,1,3.2359,3,0.3429,2.6826,1.9127,0.0634,0.0029
login.live.com,14,0,1,3.2359,3,0.3429,2.6826,1.9127,0.0634,0.0029
fd.api.iris.microsoft.com,25,0,1,3.4137,5,0.38,2.6826,1.9127,0.0634,0.0029
fd.api.iris.microsoft.com,25,0,1,3.4137,5,0.38,2.6826,1.9127,0.0634,0.0029
ocsp.digicert.com,17,0,1,3.4548,3,0.3922,2.6826,1.9127,0.0634,0.0042
ocsp.digicert.com,17,0,1,3.4548,3,0.3922,2.6826,1.9127,0.0634,0.0042
settings-win.data.microsoft.com,31,0,1,3.8245,4,0.4234,2.6826,1.9127,0.0634,0.0028
settings-win.data.microsoft.com,31,0,1,3.8245,4,0.4234,2.6826,1.9127,0.0634,0.0028
www.msftconnecttest.com,23,0,1,3.2405,3,0.2696,2.6826,1.9127,0.0634,0.0029
www.msftconnecttest.com,23,0,1,3.2405,3,0.2696,2.6826,1.9127,0.0634,0.0029
prod.otel.kaizen.nvidia.com,27,0,1,3.8101,5,0.4583,2.6826,1.9127,0.0634,0.0033
prod.otel.kaizen.nvidia.com,27,0,1,3.8101,5,0.4583,2.6826,1.9127,0.0634,0.0033
www.163.com,11,0,1,2.8454,3,0.4091,2.6826,1.9127,0.0634,0.0027
www.163.com,11,0,1,2.8454,3,0.4091,2.6826,1.9127,0.0634,0.0027
www.msftconnecttest.com,23,0,1,3.2405,3,0.2696,2.6826,1.9127,0.0634,0.0029
www.msftconnecttest.com,23,0,1,3.2405,3,0.2696,2.6826,1.9127,0.0634,0.0029
ctldl.windowsupdate.com,23,0,1,3.7951,3,0.371,2.6826,1.9127,0.0634,0.0029
ctldl.windowsupdate.com,23,0,1,3.7951,3,0.371,2.6826,1.9127,0.0634,0.0029
www.msftconnecttest.com,23,0,1,3.2405,3,0.2696,2.6826,1.9127,0.0634,0.0029
www.msftconnecttest.com,23,0,1,3.2405,3,0.2696,2.6826,1.9127,0.0634,0.0029
www.163.com,11,0,1,2.8454,3,0.4091,2.6826,1.9127,0.0634,0.0027
www.163.com,11,0,1,2.8454,3,0.4091,2.6826,1.9127,0.0634,0.0027
www.msftconnecttest.com,23,0,1,3.2405,3,0.2696,2.6826,1.9127,0.0634,0.0029
www.msftconnecttest.com,23,0,1,3.2405,3,0.2696,2.6826,1.9127,0.0634,0.0029
mobile.events.data.microsoft.com,32,0,1,3.8042,5,0.4375,2.6826,1.9127,0.0634,0.0
mobile.events.data.microsoft.com,32,0,65,3.8042,5,0.4375,2.6826,1.9127,0.0634,0.0
mobile.events.data.microsoft.com,32,0,1,3.8042,5,0.4375,2.6826,1.9127,0.0634,0.0
mobile.events.data.microsoft.com,32,0,65,3.8042,5,0.4375,2.6826,1.9127,0.0634,0.0
www.msftconnecttest.com,23,0,1,3.2405,3,0.2696,2.6826,1.9127,0.0634,0.0029
www.msftconnecttest.com,23,0,1,3.2405,3,0.2696,2.6826,1.9127,0.0634,0.0029
www.163.com,11,0,1,2.8454,3,0.4091,2.6826,1.9127,0.0634,0.0027
www.163.com,11,0,1,2.8454,3,0.4091,2.6826,1.9127,0.0634,0.0027
www.msftconnecttest.com,23,0,1,3.2405,3,0.2696,2.6826,1.9127,0.0634,0.0029
www.msftconnecttest.com,23,0,1,3.2405,3,0.2696,2.6826,1.9127,0.0634,0.0029
light-cfg-1251626029.file.myqcloud.com,38,0,1,4.3264,4,0.3828,2.6826,1.9127,0.0634,0.0029
light-cfg-1251626029.file.myqcloud.com,38,0,1,4.3264,4,0.3828,2.6826,1.9127,0.0634,0.0029
data.bilibili.com,17,0,1,3.1463,3,0.4118,2.6826,1.9127,0.0634,0.0028
data.bilibili.com,17,0,1,3.1463,3,0.4118,2.6826,1.9127,0.0634,0.0028
i0.hdslb.com,12,0,1,3.4183,3,0.1515,2.6826,1.9127,0.0634,0.003
i0.hdslb.com,12,0,1,3.4183,3,0.1515,2.6826,1.9127,0.0634,0.003
skydrive.wns.windows.com,24,0,1,3.6573,4,0.4167,2.6826,1.9127,0.0634,0.0029
skydrive.wns.windows.com,24,0,1,3.6573,4,0.4167,2.6826,1.9127,0.0634,0.0029
www.msftconnecttest.com,23,0,1,3.2405,3,0.2696,2.6826,1.9127,0.0634,0.0029
www.msftconnecttest.com,23,0,1,3.2405,3,0.2696,2.6826,1.9127,0.0634,0.0029
api.bugreport.huorong.cn,24,0,1,3.6573,4,0.4167,2.6826,1.9127,0.0634,0.0029
api.bugreport.huorong.cn,24,0,1,3.6573,4,0.4167,2.6826,1.9127,0.0634,0.0029
sslvpn3.scut.edu.cn,19,0,1,3.4316,4,0.4298,2.6826,1.9127,0.0634,0.0028
sslvpn3.scut.edu.cn,19,0,1,3.4316,4,0.4298,2.6826,1.9127,0.0634,0.0028
tqos.gamesafe.qq.com,20,0,1,3.3464,4,0.3273,2.6826,1.9127,0.0634,0.0029
tqos.gamesafe.qq.com,20,0,1,3.3464,4,0.3273,2.6826,1.9127,0.0634,0.0029
tqos.anticheatexpert.com,24,0,1,3.7202,3,0.45,2.6826,1.9127,0.0634,0.0029
tqos.anticheatexpert.com,24,0,1,3.7202,3,0.45,2.6826,1.9127,0.0634,0.0029
cschannel.anticheatexpert.com,29,0,1,3.6764,3,0.5149,2.6826,1.9127,0.0634,0.0031
cschannel.anticheatexpert.com,29,0,1,3.6764,3,0.5149,2.6826,1.9127,0.0634,0.0031
light-cfg-1251626029.file.myqcloud.com,38,0,1,4.3264,4,0.3828,2.6826,1.9127,0.0634,0.0029
light-cfg-1251626029.file.myqcloud.com,38,0,1,4.3264,4,0.3828,2.6826,1.9127,0.0634,0.0029
www.163.com,11,0,1,2.8454,3,0.4091,2.6826,1.9127,0.0634,0.0027
www.163.com,11,0,1,2.8454,3,0.4091,2.6826,1.9127,0.0634,0.0027
www.msftconnecttest.com,23,0,1,3.2405,3,0.2696,2.6826,1.9127,0.0634,0.0029
www.msftconnecttest.com,23,0,1,3.2405,3,0.2696,2.6826,1.9127,0.0634,0.0029
blacklist.tampermonkey.net,26,0,1,3.8731,3,0.3846,2.6826,1.9127,0.0634,0.0
blacklist.tampermonkey.net,26,0,65,3.8731,3,0.3846,2.6826,1.9127,0.0634,0.0
blacklist.tampermonkey.net,26,0,1,3.8731,3,0.3846,2.6826,1.9127,0.0634,0.0
blacklist.tampermonkey.net,26,0,65,3.8731,3,0.3846,2.6826,1.9127,0.0634,0.0
login.live.com,14,0,1,3.2359,3,0.3429,2.6826,1.9127,0.0634,0.0029
login.live.com,14,0,1,3.2359,3,0.3429,2.6826,1.9127,0.0634,0.0029
settings-win.data.microsoft.com,31,0,1,3.8245,4,0.4234,2.6826,1.9127,0.0634,0.0028
settings-win.data.microsoft.com,31,0,1,3.8245,4,0.4234,2.6826,1.9127,0.0634,0.0028
www.msftconnecttest.com,23,0,1,3.2405,3,0.2696,2.6826,1.9127,0.0634,0.0029
www.msftconnecttest.com,23,0,1,3.2405,3,0.2696,2.6826,1.9127,0.0634,0.0029
api.bilibili.com,16,0,1,2.8994,3,0.4861,2.6826,1.9127,0.0634,0.0
api.bilibili.com,16,0,1,2.8994,3,0.4861,2.6826,1.9127,0.0634,0.0
www.163.com,11,0,1,2.8454,3,0.4091,2.6826,1.9127,0.0634,0.0027
www.163.com,11,0,1,2.8454,3,0.4091,2.6826,1.9127,0.0634,0.0027
www.msftconnecttest.com,23,0,1,3.2405,3,0.2696,2.6826,1.9127,0.0634,0.0029
www.msftconnecttest.com,23,0,1,3.2405,3,0.2696,2.6826,1.9127,0.0634,0.0029
default.exp-tas.com,19,0,1,3.8269,3,0.3088,2.6826,1.9127,0.0634,0.0032
default.exp-tas.com,19,0,1,3.8269,3,0.3088,2.6826,1.9127,0.0634,0.0032
main.vscode-cdn.net,19,0,1,3.5766,3,0.3887,2.6826,1.9127,0.0634,0.0
main.vscode-cdn.net,19,0,65,3.5766,3,0.3887,2.6826,1.9127,0.0634,0.0
main.vscode-cdn.net,19,0,1,3.5766,3,0.3887,2.6826,1.9127,0.0634,0.0
main.vscode-cdn.net,19,0,65,3.5766,3,0.3887,2.6826,1.9127,0.0634,0.0
westus-0.in.applicationinsights.azure.com,41,0,1,4.0923,5,0.4732,2.6826,1.9127,0.0634,0.003
westus-0.in.applicationinsights.azure.com,41,0,1,4.0923,5,0.4732,2.6826,1.9127,0.0634,0.003
mobile.events.data.microsoft.com,32,0,1,3.8042,5,0.4375,2.6826,1.9127,0.0634,0.0
mobile.events.data.microsoft.com,32,0,65,3.8042,5,0.4375,2.6826,1.9127,0.0634,0.0
mobile.events.data.microsoft.com,32,0,1,3.8042,5,0.4375,2.6826,1.9127,0.0634,0.0
mobile.events.data.microsoft.com,32,0,65,3.8042,5,0.4375,2.6826,1.9127,0.0634,0.0
copilot-telemetry.githubusercontent.com,39,0,1,3.904,3,0.4786,2.6826,1.9127,0.0634,0.0029
copilot-telemetry.githubusercontent.com,39,0,1,3.904,3,0.4786,2.6826,1.9127,0.0634,0.0029
www.msftconnecttest.com,23,0,1,3.2405,3,0.2696,2.6826,1.9127,0.0634,0.0029
www.msftconnecttest.com,23,0,1,3.2405,3,0.2696,2.6826,1.9127,0.0634,0.0029
www.msftconnecttest.com,23,0,1,3.2405,3,0.2696,2.6826,1.9127,0.0634,0.0029
www.msftconnecttest.com,23,0,1,3.2405,3,0.2696,2.6826,1.9127,0.0634,0.0029
www.163.com,11,0,1,2.8454,3,0.4091,2.6826,1.9127,0.0634,0.0027
www.163.com,11,0,1,2.8454,3,0.4091,2.6826,1.9127,0.0634,0.0027
www.msftconnecttest.com,23,0,1,3.2405,3,0.2696,2.6826,1.9127,0.0634,0.0029
www.msftconnecttest.com,23,0,1,3.2405,3,0.2696,2.6826,1.9127,0.0634,0.0029
shuc-pc-hunt.ksord.com,22,0,1,3.6978,3,0.3636,2.6826,1.9127,0.0634,0.0028
shuc-pc-hunt.ksord.com,22,0,1,3.6978,3,0.3636,2.6826,1.9127,0.0634,0.0028
honeycomb-plugins.wpscdn.cn,27,0,1,3.9862,3,0.4444,2.6826,1.9127,0.0634,0.003
honeycomb-plugins.wpscdn.cn,27,0,1,3.9862,3,0.4444,2.6826,1.9127,0.0634,0.003
365.kdocs.cn,12,0,1,3.2516,3,0.2667,2.6826,1.9127,0.0634,0.0024
365.kdocs.cn,12,0,1,3.2516,3,0.2667,2.6826,1.9127,0.0634,0.0024
365.kdocs.cn,12,0,1,3.2516,3,0.2667,2.6826,1.9127,0.0634,0.0024
365.kdocs.cn,12,0,1,3.2516,3,0.2667,2.6826,1.9127,0.0634,0.0024
update.wps.cn,13,0,1,3.3927,3,0.2517,2.6826,1.9127,0.0634,0.0029
update.wps.cn,13,0,1,3.3927,3,0.2517,2.6826,1.9127,0.0634,0.0029
update.wps.cn,13,0,1,3.3927,3,0.2517,2.6826,1.9127,0.0634,0.0029
update.wps.cn,13,0,1,3.3927,3,0.2517,2.6826,1.9127,0.0634,0.0029
honeycomb.wpscdn.cn,19,0,1,3.5369,3,0.4372,2.6826,1.9127,0.0634,0.0028
honeycomb.wpscdn.cn,19,0,1,3.5369,3,0.4372,2.6826,1.9127,0.0634,0.0028
honeycomb-blue.wpscdn.cn,24,0,1,3.8554,3,0.4167,2.6826,1.9127,0.0634,0.0031
honeycomb-blue.wpscdn.cn,24,0,1,3.8554,3,0.4167,2.6826,1.9127,0.0634,0.0031
honeycomb.wps.cn,16,0,1,3.5,3,0.3333,2.6826,1.9127,0.0634,0.0029
honeycomb.wps.cn,16,0,1,3.5,3,0.3333,2.6826,1.9127,0.0634,0.0029
www.163.com,11,0,1,2.8454,3,0.4091,2.6826,1.9127,0.0634,0.0027
www.163.com,11,0,1,2.8454,3,0.4091,2.6826,1.9127,0.0634,0.0027
www.msftconnecttest.com,23,0,1,3.2405,3,0.2696,2.6826,1.9127,0.0634,0.0029
www.msftconnecttest.com,23,0,1,3.2405,3,0.2696,2.6826,1.9127,0.0634,0.0029
i0.hdslb.com,12,0,1,3.4183,3,0.1515,2.6826,1.9127,0.0634,0.003
i0.hdslb.com,12,0,1,3.4183,3,0.1515,2.6826,1.9127,0.0634,0.003
www.msftconnecttest.com,23,0,1,3.2405,3,0.2696,2.6826,1.9127,0.0634,0.0029
www.msftconnecttest.com,23,0,1,3.2405,3,0.2696,2.6826,1.9127,0.0634,0.0029
www.163.com,11,0,1,2.8454,3,0.4091,2.6826,1.9127,0.0634,0.0027
www.163.com,11,0,1,2.8454,3,0.4091,2.6826,1.9127,0.0634,0.0027
www.msftconnecttest.com,23,0,1,3.2405,3,0.2696,2.6826,1.9127,0.0634,0.0029
www.msftconnecttest.com,23,0,1,3.2405,3,0.2696,2.6826,1.9127,0.0634,0.0029
data.bilibili.com,17,0,1,3.1463,3,0.4118,2.6826,1.9127,0.0634,0.0028
data.bilibili.com,17,0,1,3.1463,3,0.4118,2.6826,1.9127,0.0634,0.0028
mobile.events.data.microsoft.com,32,0,1,3.8042,5,0.4375,2.6826,1.9127,0.0634,0.0
mobile.events.data.microsoft.com,32,0,65,3.8042,5,0.4375,2.6826,1.9127,0.0634,0.0
mobile.events.data.microsoft.com,32,0,1,3.8042,5,0.4375,2.6826,1.9127,0.0634,0.0
mobile.events.data.microsoft.com,32,0,65,3.8042,5,0.4375,2.6826,1.9127,0.0634,0.0
www.msftconnecttest.com,23,0,1,3.2405,3,0.2696,2.6826,1.9127,0.0634,0.0029
www.msftconnecttest.com,23,0,1,3.2405,3,0.2696,2.6826,1.9127,0.0634,0.0029
sslvpn3.scut.edu.cn,19,0,1,3.4316,4,0.4298,2.6826,1.9127,0.0634,0.0028
sslvpn3.scut.edu.cn,19,0,1,3.4316,4,0.4298,2.6826,1.9127,0.0634,0.0028
www.163.com,11,0,1,2.8454,3,0.4091,2.6826,1.9127,0.0634,0.0027
www.163.com,11,0,1,2.8454,3,0.4091,2.6826,1.9127,0.0634,0.0027
www.msftconnecttest.com,23,0,1,3.2405,3,0.2696,2.6826,1.9127,0.0634,0.0029
www.msftconnecttest.com,23,0,1,3.2405,3,0.2696,2.6826,1.9127,0.0634,0.0029
www.msftconnecttest.com,23,0,1,3.2405,3,0.2696,2.6826,1.9127,0.0634,0.0029
www.msftconnecttest.com,23,0,1,3.2405,3,0.2696,2.6826,1.9127,0.0634,0.0029
v20.events.data.microsoft.com,29,0,1,3.8404,5,0.3922,2.6826,1.9127,0.0634,0.0028
v20.events.data.microsoft.com,29,0,1,3.8404,5,0.3922,2.6826,1.9127,0.0634,0.0028
www.msftconnecttest.com,23,0,1,3.2405,3,0.2696,2.6826,1.9127,0.0634,0.0029
www.msftconnecttest.com,23,0,1,3.2405,3,0.2696,2.6826,1.9127,0.0634,0.0029
www.163.com,11,0,1,2.8454,3,0.4091,2.6826,1.9127,0.0634,0.0027
www.163.com,11,0,1,2.8454,3,0.4091,2.6826,1.9127,0.0634,0.0027
main.vscode-cdn.net,19,0,1,3.5766,3,0.3887,2.6826,1.9127,0.0634,0.0
main.vscode-cdn.net,19,0,65,3.5766,3,0.3887,2.6826,1.9127,0.0634,0.0
main.vscode-cdn.net,19,0,1,3.5766,3,0.3887,2.6826,1.9127,0.0634,0.0
main.vscode-cdn.net,19,0,65,3.5766,3,0.3887,2.6826,1.9127,0.0634,0.0
mobile.events.data.microsoft.com,32,0,1,3.8042,5,0.4375,2.6826,1.9127,0.0634,0.0
mobile.events.data.microsoft.com,32,0,65,3.8042,5,0.4375,2.6826,1.9127,0.0634,0.0
mobile.events.data.microsoft.com,32,0,65,3.8042,5,0.4375,2.6826,1.9127,0.0634,0.0
mobile.events.data.microsoft.com,32,0,1,3.8042,5,0.4375,2.6826,1.9127,0.0634,0.0
acs.m.taobao.com,16,0,1,2.8585,4,0.375,2.6826,1.9127,0.0634,0.0039
audid-api.taobao.com,20,0,1,3.3842,3,0.4667,2.6826,1.9127,0.0634,0.0049
acs.m.taobao.com,16,0,1,2.8585,4,0.375,2.6826,1.9127,0.0634,0.0039
audid-api.taobao.com,20,0,1,3.3842,3,0.4667,2.6826,1.9127,0.0634,0.0049
aG9zdG5hbWU=.localtest.com,26,0,16,4.162,3,0.3401,2.6826,1.9127,0.0634,0.0341
aG9zdG5hbWU=.localtest.com,26,0,16,4.162,3,0.3401,2.6826,1.9127,0.0634,0.0341
mobile.events.data.microsoft.com,32,0,1,3.8042,5,0.4375,2.6826,1.9127,0.0634,0.0
mobile.events.data.microsoft.com,32,0,1,3.8042,5,0.4375,2.6826,1.9127,0.0634,0.0
aXBjb25maWc=.localtest.com,26,0,16,3.9501,3,0.4072,2.6826,1.9127,0.0634,0.0485
aXBjb25maWc=.localtest.com,26,0,16,3.9501,3,0.4072,2.6826,1.9127,0.0634,0.0485
h-adashx.ut.taobao.com,22,0,1,3.4817,4,0.5035,2.6826,1.9127,0.0634,0.0033
h-adashx.ut.taobao.com,22,0,1,3.4817,4,0.5035,2.6826,1.9127,0.0634,0.0033
www.msftconnecttest.com,23,0,1,3.2405,3,0.2696,2.6826,1.9127,0.0634,0.0029
www.msftconnecttest.com,23,0,1,3.2405,3,0.2696,2.6826,1.9127,0.0634,0.0029
copilot-telemetry.githubusercontent.com,39,0,1,3.904,3,0.4786,2.6826,1.9127,0.0634,0.0029
copilot-telemetry.githubusercontent.com,39,0,1,3.904,3,0.4786,2.6826,1.9127,0.0634,0.0029
ZGF0ZSAvVA==.localtest.com,26,0,16,4.0851,3,0.3419,2.6826,1.9127,0.0634,0.0159
ZGF0ZSAvVA==.localtest.com,26,0,16,4.0851,3,0.3419,2.6826,1.9127,0.0634,0.0159
aXBjb25maWc=.localtest.com,26,0,16,3.9501,3,0.4072,2.6826,1.9127,0.0634,0.0485
aXBjb25maWc=.localtest.com,26,0,16,3.9501,3,0.4072,2.6826,1.9127,0.0634,0.0485
aG9zdG5hbWU=.localtest.com,26,0,16,4.162,3,0.3401,2.6826,1.9127,0.0634,0.0341
aG9zdG5hbWU=.localtest.com,26,0,16,4.162,3,0.3401,2.6826,1.9127,0.0634,0.0341
aG9zdG5hbWU=.localtest.com,26,0,16,4.162,3,0.3401,2.6826,1.9127,0.0634,0.0341
aG9zdG5hbWU=.localtest.com,26,0,16,4.162,3,0.3401,2.6826,1.9127,0.0634,0.0341
dHlwZSBDOlxXaW5kb3dzXHdpbi5pbmk=.localtest.com,46,0,16,4.6647,3,0.3913,2.6826,1.9127,0.0634,0.0164
dHlwZSBDOlxXaW5kb3dzXHdpbi5pbmk=.localtest.com,46,0,16,4.6647,3,0.3913,2.6826,1.9127,0.0634,0.0164
dGFza2xpc3Q=.localtest.com,26,0,16,4.1329,3,0.3684,2.6826,1.9127,0.0634,0.386
dGFza2xpc3Q=.localtest.com,26,0,16,4.1329,3,0.3684,2.6826,1.9127,0.0634,0.386
ZWNobyBoZWxsbyB3b3JsZA==.localtest.com,38,0,16,4.1883,3,0.3316,2.6826,1.9127,0.0634,0.0209
ZWNobyBoZWxsbyB3b3JsZA==.localtest.com,38,0,16,4.1883,3,0.3316,2.6826,1.9127,0.0634,0.0209
ZWNobyBoZWxsbyB3b3JsZA==.localtest.com,38,0,16,4.1883,3,0.3316,2.6826,1.9127,0.0634,0.0209
ZWNobyBoZWxsbyB3b3JsZA==.localtest.com,38,0,16,4.1883,3,0.3316,2.6826,1.9127,0.0634,0.0209
www.msftconnecttest.com,23,0,1,3.2405,3,0.2696,2.6826,1.9127,0.0634,0.0029
www.msftconnecttest.com,23,0,1,3.2405,3,0.2696,2.6826,1.9127,0.0634,0.0029
www.163.com,11,0,1,2.8454,3,0.4091,2.6826,1.9127,0.0634,0.0027
www.163.com,11,0,1,2.8454,3,0.4091,2.6826,1.9127,0.0634,0.0027
dGltZSAvVA==.localtest.com,26,0,16,3.9501,3,0.4072,2.6826,1.9127,0.0634,0.0161
dGltZSAvVA==.localtest.com,26,0,16,3.9501,3,0.4072,2.6826,1.9127,0.0634,0.0161
aXBjb25maWc=.localtest.com,26,0,16,3.9501,3,0.4072,2.6826,1.9127,0.0634,0.0485
aXBjb25maWc=.localtest.com,26,0,16,3.9501,3,0.4072,2.6826,1.9127,0.0634,0.0485
dHlwZSBDOlxXaW5kb3dzXHdpbi5pbmk=.localtest.com,46,0,16,4.6647,3,0.3913,2.6826,1.9127,0.0634,0.0164
dHlwZSBDOlxXaW5kb3dzXHdpbi5pbmk=.localtest.com,46,0,16,4.6647,3,0.3913,2.6826,1.9127,0.0634,0.0164
dHlwZSBDOlxXaW5kb3dzXHdpbi5pbmk=.localtest.com,46,0,16,4.6647,3,0.3913,2.6826,1.9127,0.0634,0.0164
dHlwZSBDOlxXaW5kb3dzXHdpbi5pbmk=.localtest.com,46,0,16,4.6647,3,0.3913,2.6826,1.9127,0.0634,0.0164
d2hvYW1p.localtest.com,22,0,16,4.0049,3,0.3209,2.6826,1.9127,0.0634,0.0364
d2hvYW1p.localtest.com,22,0,16,4.0049,3,0.3209,2.6826,1.9127,0.0634,0.0364
ssl.ptlogin2.qq.com,19,0,1,3.5766,4,0.3887,2.6826,1.9127,0.0634,0.0029
ssl.ptlogin2.qq.com,19,0,1,3.5766,4,0.3887,2.6826,1.9127,0.0634,0.0029
ptlogin2.wegame.com.cn,22,0,1,3.6978,4,0.3636,2.6826,1.9127,0.0634,0.0029
ptlogin2.wegame.com.cn,22,0,1,3.6978,4,0.3636,2.6826,1.9127,0.0634,0.0029
www.wegame.com.cn,17,0,1,2.9842,4,0.4183,2.6826,1.9127,0.0634,0.0029
www.wegame.com.cn,17,0,1,2.9842,4,0.4183,2.6826,1.9127,0.0634,0.0029
aXBjb25maWc=.localtest.com,26,0,16,3.9501,3,0.4072,2.6826,1.9127,0.0634,0.0485
aXBjb25maWc=.localtest.com,26,0,16,3.9501,3,0.4072,2.6826,1.9127,0.0634,0.0485
puds.ucweb.com,14,0,1,3.3788,3,0.3117,2.6826,1.9127,0.0634,0.003
puds.ucweb.com,14,0,1,3.3788,3,0.3117,2.6826,1.9127,0.0634,0.003
dGltZSAvVA==.localtest.com,26,0,16,3.9501,3,0.4072,2.6826,1.9127,0.0634,0.0161
dGltZSAvVA==.localtest.com,26,0,16,3.9501,3,0.4072,2.6826,1.9127,0.0634,0.0161
ZGF0ZSAvVA==.localtest.com,26,0,16,4.0851,3,0.3419,2.6826,1.9127,0.0634,0.0159
ZGF0ZSAvVA==.localtest.com,26,0,16,4.0851,3,0.3419,2.6826,1.9127,0.0634,0.0159
ZGF0ZSAvVA==.localtest.com,26,0,16,4.0851,3,0.3419,2.6826,1.9127,0.0634,0.0159
copilot-telemetry.githubusercontent.com,39,0,1,3.904,3,0.4786,2.6826,1.9127,0.0634,0.0029
copilot-telemetry.githubusercontent.com,39,0,1,3.904,3,0.4786,2.6826,1.9127,0.0634,0.0029
www.msftconnecttest.com,23,0,1,3.2405,3,0.2696,2.6826,1.9127,0.0634,0.0029
www.msftconnecttest.com,23,0,1,3.2405,3,0.2696,2.6826,1.9127,0.0634,0.0029
dGFza2xpc3Q=.localtest.com,26,0,16,4.1329,3,0.3684,2.6826,1.9127,0.0634,0.386
dGFza2xpc3Q=.localtest.com,26,0,16,4.1329,3,0.3684,2.6826,1.9127,0.0634,0.386
aG9zdG5hbWU=.localtest.com,26,0,16,4.162,3,0.3401,2.6826,1.9127,0.0634,0.0341
aG9zdG5hbWU=.localtest.com,26,0,16,4.162,3,0.3401,2.6826,1.9127,0.0634,0.0341
twitter.com,11,0,1,3.0272,2,0.3232,2.6826,1.9127,0.0634,0.0
twitter.com,11,0,1,3.0272,2,0.3232,2.6826,1.9127,0.0634,0.0
twitter.com,11,0,1,3.0272,2,0.3232,2.6826,1.9127,0.0634,0.0
twitter.com,11,0,1,3.0272,2,0.3232,2.6826,1.9127,0.0634,0.0
github.com,10,0,1,3.3219,2,0.0,2.6826,1.9127,0.0634,0.005
github.com,10,0,1,3.3219,2,0.0,2.6826,1.9127,0.0634,0.005
apple.com,9,0,1,2.9477,2,0.1944,2.6826,1.9127,0.0634,0.0086
apple.com,9,0,1,2.9477,2,0.1944,2.6826,1.9127,0.0634,0.0086
linkedin.com,12,0,1,3.2516,2,0.2667,2.6826,1.9127,0.0634,0.0095
linkedin.com,12,0,1,3.2516,2,0.2667,2.6826,1.9127,0.0634,0.0095
amazon.com,10,0,1,2.7219,2,0.3429,2.6826,1.9127,0.0634,0.009
amazon.com,10,0,1,2.7219,2,0.3429,2.6826,1.9127,0.0634,0.009
twitter.com,11,0,1,3.0272,2,0.3232,2.6826,1.9127,0.0634,0.0
twitter.com,11,0,1,3.0272,2,0.3232,2.6826,1.9127,0.0634,0.0
twitter.com,11,0,1,3.0272,2,0.3232,2.6826,1.9127,0.0634,0.0
twitter.com,11,0,1,3.0272,2,0.3232,2.6826,1.9127,0.0634,0.0
reddit.com,10,0,1,3.1219,2,0.1778,2.6826,1.9127,0.0634,0.0
reddit.com,10,0,1,3.1219,2,0.1778,2.6826,1.9127,0.0634,0.0
reddit.com,10,0,1,3.1219,2,0.1778,2.6826,1.9127,0.0634,0.0
reddit.com,10,0,1,3.1219,2,0.1778,2.6826,1.9127,0.0634,0.0
linkedin.com,12,0,1,3.2516,2,0.2667,2.6826,1.9127,0.0634,0.0095
linkedin.com,12,0,1,3.2516,2,0.2667,2.6826,1.9127,0.0634,0.0095
microsoft.com,13,0,1,3.027,2,0.4103,2.6826,1.9127,0.0634,0.0088
microsoft.com,13,0,1,3.027,2,0.4103,2.6826,1.9127,0.0634,0.0088
mobile.events.data.microsoft.com,32,0,1,3.8042,5,0.4375,2.6826,1.9127,0.0634,0.0
mobile.events.data.microsoft.com,32,0,1,3.8042,5,0.4375,2.6826,1.9127,0.0634,0.0
github.com,10,0,1,3.3219,2,0.0,2.6826,1.9127,0.0634,0.005
github.com,10,0,1,3.3219,2,0.0,2.6826,1.9127,0.0634,0.005
facebook.com,12,0,1,3.0221,2,0.3889,2.6826,1.9127,0.0634,0.0
facebook.com,12,0,1,3.0221,2,0.3889,2.6826,1.9127,0.0634,0.0
facebook.com,12,0,1,3.0221,2,0.3889,2.6826,1.9127,0.0634,0.0
facebook.com,12,0,1,3.0221,2,0.3889,2.6826,1.9127,0.0634,0.0
ied-tqos-tgp.qq.com,19,0,1,3.5766,3,0.3887,2.6826,1.9127,0.0634,0.0028
ied-tqos-tgp.qq.com,19,0,1,3.5766,3,0.3887,2.6826,1.9127,0.0634,0.0028
facebook.com,12,0,1,3.0221,2,0.3889,2.6826,1.9127,0.0634,0.0
facebook.com,12,0,1,3.0221,2,0.3889,2.6826,1.9127,0.0634,0.0
facebook.com,12,0,1,3.0221,2,0.3889,2.6826,1.9127,0.0634,0.0
facebook.com,12,0,1,3.0221,2,0.3889,2.6826,1.9127,0.0634,0.0
facebook.com,12,0,1,3.0221,2,0.3889,2.6826,1.9127,0.0634,0.0
facebook.com,12,0,1,3.0221,2,0.3889,2.6826,1.9127,0.0634,0.0
facebook.com,12,0,1,3.0221,2,0.3889,2.6826,1.9127,0.0634,0.0
apple.com,9,0,1,2.9477,2,0.1944,2.6826,1.9127,0.0634,0.0086
apple.com,9,0,1,2.9477,2,0.1944,2.6826,1.9127,0.0634,0.0086
reddit.com,10,0,1,3.1219,2,0.1778,2.6826,1.9127,0.0634,0.0
reddit.com,10,0,1,3.1219,2,0.1778,2.6826,1.9127,0.0634,0.0
reddit.com,10,0,1,3.1219,2,0.1778,2.6826,1.9127,0.0634,0.0
reddit.com,10,0,1,3.1219,2,0.1778,2.6826,1.9127,0.0634,0.0
twitter.com,11,0,1,3.0272,2,0.3232,2.6826,1.9127,0.0634,0.0
twitter.com,11,0,1,3.0272,2,0.3232,2.6826,1.9127,0.0634,0.0
twitter.com,11,0,1,3.0272,2,0.3232,2.6826,1.9127,0.0634,0.0
twitter.com,11,0,1,3.0272,2,0.3232,2.6826,1.9127,0.0634,0.0
www.msftconnecttest.com,23,0,1,3.2405,3,0.2696,2.6826,1.9127,0.0634,0.0029
www.msftconnecttest.com,23,0,1,3.2405,3,0.2696,2.6826,1.9127,0.0634,0.0029
itop.qq.com,11,0,1,2.914,3,0.3409,2.6826,1.9127,0.0634,0.003
itop.qq.com,11,0,1,2.914,3,0.3409,2.6826,1.9127,0.0634,0.003
www.163.com,11,0,1,2.8454,3,0.4091,2.6826,1.9127,0.0634,0.0027
www.163.com,11,0,1,2.8454,3,0.4091,2.6826,1.9127,0.0634,0.0027
facebook.com,12,0,1,3.0221,2,0.3889,2.6826,1.9127,0.0634,0.0
facebook.com,12,0,1,3.0221,2,0.3889,2.6826,1.9127,0.0634,0.0
facebook.com,12,0,1,3.0221,2,0.3889,2.6826,1.9127,0.0634,0.0
facebook.com,12,0,1,3.0221,2,0.3889,2.6826,1.9127,0.0634,0.0
google.com,10,0,1,2.6464,2,0.4286,2.6826,1.9127,0.0634,0.0189
google.com,10,0,1,2.6464,2,0.4286,2.6826,1.9127,0.0634,0.0189
github.com,10,0,1,3.3219,2,0.0,2.6826,1.9127,0.0634,0.005
github.com,10,0,1,3.3219,2,0.0,2.6826,1.9127,0.0634,0.005
facebook.com,12,0,1,3.0221,2,0.3889,2.6826,1.9127,0.0634,0.0
facebook.com,12,0,1,3.0221,2,0.3889,2.6826,1.9127,0.0634,0.0
facebook.com,12,0,1,3.0221,2,0.3889,2.6826,1.9127,0.0634,0.0
facebook.com,12,0,1,3.0221,2,0.3889,2.6826,1.9127,0.0634,0.0
facebook.com,12,0,1,3.0221,2,0.3889,2.6826,1.9127,0.0634,0.0
facebook.com,12,0,1,3.0221,2,0.3889,2.6826,1.9127,0.0634,0.0
github.com,10,0,1,3.3219,2,0.0,2.6826,1.9127,0.0634,0.005
github.com,10,0,1,3.3219,2,0.0,2.6826,1.9127,0.0634,0.005
google.com,10,0,1,2.6464,2,0.4286,2.6826,1.9127,0.0634,0.0189
google.com,10,0,1,2.6464,2,0.4286,2.6826,1.9127,0.0634,0.0189
linkedin.com,12,0,1,3.2516,2,0.2667,2.6826,1.9127,0.0634,0.0095
linkedin.com,12,0,1,3.2516,2,0.2667,2.6826,1.9127,0.0634,0.0095
facebook.com,12,0,1,3.0221,2,0.3889,2.6826,1.9127,0.0634,0.0
facebook.com,12,0,1,3.0221,2,0.3889,2.6826,1.9127,0.0634,0.0
facebook.com,12,0,1,3.0221,2,0.3889,2.6826,1.9127,0.0634,0.0
apple.com,9,0,1,2.9477,2,0.1944,2.6826,1.9127,0.0634,0.0086
apple.com,9,0,1,2.9477,2,0.1944,2.6826,1.9127,0.0634,0.0086
microsoft.com,13,0,1,3.027,2,0.4103,2.6826,1.9127,0.0634,0.0088
microsoft.com,13,0,1,3.027,2,0.4103,2.6826,1.9127,0.0634,0.0088
apple.com,9,0,1,2.9477,2,0.1944,2.6826,1.9127,0.0634,0.0086
apple.com,9,0,1,2.9477,2,0.1944,2.6826,1.9127,0.0634,0.0086
google.com,10,0,1,2.6464,2,0.4286,2.6826,1.9127,0.0634,0.0189
google.com,10,0,1,2.6464,2,0.4286,2.6826,1.9127,0.0634,0.0189
reddit.com,10,0,1,3.1219,2,0.1778,2.6826,1.9127,0.0634,0.0
reddit.com,10,0,1,3.1219,2,0.1778,2.6826,1.9127,0.0634,0.0
reddit.com,10,0,1,3.1219,2,0.1778,2.6826,1.9127,0.0634,0.0
reddit.com,10,0,1,3.1219,2,0.1778,2.6826,1.9127,0.0634,0.0
linkedin.com,12,0,1,3.2516,2,0.2667,2.6826,1.9127,0.0634,0.0095
linkedin.com,12,0,1,3.2516,2,0.2667,2.6826,1.9127,0.0634,0.0095
facebook.com,12,0,1,3.0221,2,0.3889,2.6826,1.9127,0.0634,0.0
facebook.com,12,0,1,3.0221,2,0.3889,2.6826,1.9127,0.0634,0.0
facebook.com,12,0,1,3.0221,2,0.3889,2.6826,1.9127,0.0634,0.0
facebook.com,12,0,1,3.0221,2,0.3889,2.6826,1.9127,0.0634,0.0
wikipedia.org,13,0,1,3.3347,2,0.2797,2.6826,1.9127,0.0634,0.0
wikipedia.org,13,0,1,3.3347,2,0.2797,2.6826,1.9127,0.0634,0.0
wikipedia.org,13,0,1,3.3347,2,0.2797,2.6826,1.9127,0.0634,0.0
facebook.com,12,0,1,3.0221,2,0.3889,2.6826,1.9127,0.0634,0.0
facebook.com,12,0,1,3.0221,2,0.3889,2.6826,1.9127,0.0634,0.0
facebook.com,12,0,1,3.0221,2,0.3889,2.6826,1.9127,0.0634,0.0
reddit.com,10,0,1,3.1219,2,0.1778,2.6826,1.9127,0.0634,0.0
reddit.com,10,0,1,3.1219,2,0.1778,2.6826,1.9127,0.0634,0.0
reddit.com,10,0,1,3.1219,2,0.1778,2.6826,1.9127,0.0634,0.0
facebook.com,12,0,1,3.0221,2,0.3889,2.6826,1.9127,0.0634,0.0
facebook.com,12,0,1,3.0221,2,0.3889,2.6826,1.9127,0.0634,0.0
facebook.com,12,0,1,3.0221,2,0.3889,2.6826,1.9127,0.0634,0.0
microsoft.com,13,0,1,3.027,2,0.4103,2.6826,1.9127,0.0634,0.0088
microsoft.com,13,0,1,3.027,2,0.4103,2.6826,1.9127,0.0634,0.0088
reddit.com,10,0,1,3.1219,2,0.1778,2.6826,1.9127,0.0634,0.0
reddit.com,10,0,1,3.1219,2,0.1778,2.6826,1.9127,0.0634,0.0
reddit.com,10,0,1,3.1219,2,0.1778,2.6826,1.9127,0.0634,0.0
reddit.com,10,0,1,3.1219,2,0.1778,2.6826,1.9127,0.0634,0.0
facebook.com,12,0,1,3.0221,2,0.3889,2.6826,1.9127,0.0634,0.0
facebook.com,12,0,1,3.0221,2,0.3889,2.6826,1.9127,0.0634,0.0
facebook.com,12,0,1,3.0221,2,0.3889,2.6826,1.9127,0.0634,0.0
facebook.com,12,0,1,3.0221,2,0.3889,2.6826,1.9127,0.0634,0.0
amazon.com,10,0,1,2.7219,2,0.3429,2.6826,1.9127,0.0634,0.009
amazon.com,10,0,1,2.7219,2,0.3429,2.6826,1.9127,0.0634,0.009
twitter.com,11,0,1,3.0272,2,0.3232,2.6826,1.9127,0.0634,0.0
twitter.com,11,0,1,3.0272,2,0.3232,2.6826,1.9127,0.0634,0.0
twitter.com,11,0,1,3.0272,2,0.3232,2.6826,1.9127,0.0634,0.0
twitter.com,11,0,1,3.0272,2,0.3232,2.6826,1.9127,0.0634,0.0
amazon.com,10,0,1,2.7219,2,0.3429,2.6826,1.9127,0.0634,0.009
amazon.com,10,0,1,2.7219,2,0.3429,2.6826,1.9127,0.0634,0.009
www.msftconnecttest.com,23,0,1,3.2405,3,0.2696,2.6826,1.9127,0.0634,0.0029
www.msftconnecttest.com,23,0,1,3.2405,3,0.2696,2.6826,1.9127,0.0634,0.0029
linkedin.com,12,0,1,3.2516,2,0.2667,2.6826,1.9127,0.0634,0.0095
linkedin.com,12,0,1,3.2516,2,0.2667,2.6826,1.9127,0.0634,0.0095
amazon.com,10,0,1,2.7219,2,0.3429,2.6826,1.9127,0.0634,0.009
amazon.com,10,0,1,2.7219,2,0.3429,2.6826,1.9127,0.0634,0.009
google.com,10,0,1,2.6464,2,0.4286,2.6826,1.9127,0.0634,0.0189
google.com,10,0,1,2.6464,2,0.4286,2.6826,1.9127,0.0634,0.0189
microsoft.com,13,0,1,3.027,2,0.4103,2.6826,1.9127,0.0634,0.0088
microsoft.com,13,0,1,3.027,2,0.4103,2.6826,1.9127,0.0634,0.0088
linkedin.com,12,0,1,3.2516,2,0.2667,2.6826,1.9127,0.0634,0.0095
linkedin.com,12,0,1,3.2516,2,0.2667,2.6826,1.9127,0.0634,0.0095
apple.com,9,0,1,2.9477,2,0.1944,2.6826,1.9127,0.0634,0.0086
apple.com,9,0,1,2.9477,2,0.1944,2.6826,1.9127,0.0634,0.0086
google.com,10,0,1,2.6464,2,0.4286,2.6826,1.9127,0.0634,0.0189
google.com,10,0,1,2.6464,2,0.4286,2.6826,1.9127,0.0634,0.0189
apple.com,9,0,1,2.9477,2,0.1944,2.6826,1.9127,0.0634,0.0086
apple.com,9,0,1,2.9477,2,0.1944,2.6826,1.9127,0.0634,0.0086
skydrive.wns.windows.com,24,0,1,3.6573,4,0.4167,2.6826,1.9127,0.0634,0.0029
skydrive.wns.windows.com,24,0,1,3.6573,4,0.4167,2.6826,1.9127,0.0634,0.0029
light-cfg-1251626029.file.myqcloud.com,38,0,1,4.3264,4,0.3828,2.6826,1.9127,0.0634,0.0029
light-cfg-1251626029.file.myqcloud.com,38,0,1,4.3264,4,0.3828,2.6826,1.9127,0.0634,0.0029
data.bilibili.com,17,0,1,3.1463,3,0.4118,2.6826,1.9127,0.0634,0.0028
data.bilibili.com,17,0,1,3.1463,3,0.4118,2.6826,1.9127,0.0634,0.0028
i0.hdslb.com,12,0,1,3.4183,3,0.1515,2.6826,1.9127,0.0634,0.003
i0.hdslb.com,12,0,1,3.4183,3,0.1515,2.6826,1.9127,0.0634,0.003
www.163.com,11,0,1,2.8454,3,0.4091,2.6826,1.9127,0.0634,0.0027
www.163.com,11,0,1,2.8454,3,0.4091,2.6826,1.9127,0.0634,0.0027
www.msftconnecttest.com,23,0,1,3.2405,3,0.2696,2.6826,1.9127,0.0634,0.0029
www.msftconnecttest.com,23,0,1,3.2405,3,0.2696,2.6826,1.9127,0.0634,0.0029
www.msftconnecttest.com,23,0,1,3.2405,3,0.2696,2.6826,1.9127,0.0634,0.0029
www.msftconnecttest.com,23,0,1,3.2405,3,0.2696,2.6826,1.9127,0.0634,0.0029
201572-ipv4.gr.global.aa-rt.sharepoint.com,42,0,1,4.3657,6,0.4643,2.6826,1.9127,0.0634,0.0032
201572-ipv4.gr.global.aa-rt.sharepoint.com,42,0,1,4.3657,6,0.4643,2.6826,1.9127,0.0634,0.0032
sslvpn3.scut.edu.cn,19,0,1,3.4316,4,0.4298,2.6826,1.9127,0.0634,0.0028
sslvpn3.scut.edu.cn,19,0,1,3.4316,4,0.4298,2.6826,1.9127,0.0634,0.0028
tqos.gamesafe.qq.com,20,0,1,3.3464,4,0.3273,2.6826,1.9127,0.0634,0.0029
tqos.gamesafe.qq.com,20,0,1,3.3464,4,0.3273,2.6826,1.9127,0.0634,0.0029
tqos.anticheatexpert.com,24,0,1,3.7202,3,0.45,2.6826,1.9127,0.0634,0.0029
tqos.anticheatexpert.com,24,0,1,3.7202,3,0.45,2.6826,1.9127,0.0634,0.0029
cschannel.anticheatexpert.com,29,0,1,3.6764,3,0.5149,2.6826,1.9127,0.0634,0.0031
cschannel.anticheatexpert.com,29,0,1,3.6764,3,0.5149,2.6826,1.9127,0.0634,0.0031
light-cfg-1251626029.file.myqcloud.com,38,0,1,4.3264,4,0.3828,2.6826,1.9127,0.0634,0.0029
light-cfg-1251626029.file.myqcloud.com,38,0,1,4.3264,4,0.3828,2.6826,1.9127,0.0634,0.0029
www.163.com,11,0,1,2.8454,3,0.4091,2.6826,1.9127,0.0634,0.0027
www.163.com,11,0,1,2.8454,3,0.4091,2.6826,1.9127,0.0634,0.0027
www.msftconnecttest.com,23,0,1,3.2405,3,0.2696,2.6826,1.9127,0.0634,0.0029
www.msftconnecttest.com,23,0,1,3.2405,3,0.2696,2.6826,1.9127,0.0634,0.0029
mobile.events.data.microsoft.com,32,0,1,3.8042,5,0.4375,2.6826,1.9127,0.0634,0.0
mobile.events.data.microsoft.com,32,0,65,3.8042,5,0.4375,2.6826,1.9127,0.0634,0.0
mobile.events.data.microsoft.com,32,0,1,3.8042,5,0.4375,2.6826,1.9127,0.0634,0.0
mobile.events.data.microsoft.com,32,0,65,3.8042,5,0.4375,2.6826,1.9127,0.0634,0.0
www.msftconnecttest.com,23,0,1,3.2405,3,0.2696,2.6826,1.9127,0.0634,0.0029
www.msftconnecttest.com,23,0,1,3.2405,3,0.2696,2.6826,1.9127,0.0634,0.0029
main.vscode-cdn.net,19,0,1,3.5766,3,0.3887,2.6826,1.9127,0.0634,0.0
main.vscode-cdn.net,19,0,65,3.5766,3,0.3887,2.6826,1.9127,0.0634,0.0
main.vscode-cdn.net,19,0,1,3.5766,3,0.3887,2.6826,1.9127,0.0634,0.0
main.vscode-cdn.net,19,0,65,3.5766,3,0.3887,2.6826,1.9127,0.0634,0.0
www.163.com,11,0,1,2.8454,3,0.4091,2.6826,1.9127,0.0634,0.0027
www.163.com,11,0,1,2.8454,3,0.4091,2.6826,1.9127,0.0634,0.0027
www.msftconnecttest.com,23,0,1,3.2405,3,0.2696,2.6826,1.9127,0.0634,0.0029
www.msftconnecttest.com,23,0,1,3.2405,3,0.2696,2.6826,1.9127,0.0634,0.0029
v10.events.data.microsoft.com,29,0,1,3.8404,5,0.3922,2.6826,1.9127,0.0634,0.0035
v10.events.data.microsoft.com,29,0,1,3.8404,5,0.3922,2.6826,1.9127,0.0634,0.0035
v20.events.data.microsoft.com,29,0,1,3.8404,5,0.3922,2.6826,1.9127,0.0634,0.0028
v20.events.data.microsoft.com,29,0,1,3.8404,5,0.3922,2.6826,1.9127,0.0634,0.0028
www.msftconnecttest.com,23,0,1,3.2405,3,0.2696,2.6826,1.9127,0.0634,0.0029
www.msftconnecttest.com,23,0,1,3.2405,3,0.2696,2.6826,1.9127,0.0634,0.0029
www.163.com,11,0,1,2.8454,3,0.4091,2.6826,1.9127,0.0634,0.0027
www.163.com,11,0,1,2.8454,3,0.4091,2.6826,1.9127,0.0634,0.0027
www.msftconnecttest.com,23,0,1,3.2405,3,0.2696,2.6826,1.9127,0.0634,0.0029
www.msftconnecttest.com,23,0,1,3.2405,3,0.2696,2.6826,1.9127,0.0634,0.0029
www.msftconnecttest.com,23,0,1,3.2405,3,0.2696,2.6826,1.9127,0.0634,0.0029
www.msftconnecttest.com,23,0,1,3.2405,3,0.2696,2.6826,1.9127,0.0634,0.0029
shuc-pc-hunt.ksord.com,22,0,1,3.6978,3,0.3636,2.6826,1.9127,0.0634,0.0028
shuc-pc-hunt.ksord.com,22,0,1,3.6978,3,0.3636,2.6826,1.9127,0.0634,0.0028
www.163.com,11,0,1,2.8454,3,0.4091,2.6826,1.9127,0.0634,0.0027
www.163.com,11,0,1,2.8454,3,0.4091,2.6826,1.9127,0.0634,0.0027
www.msftconnecttest.com,23,0,1,3.2405,3,0.2696,2.6826,1.9127,0.0634,0.0029
www.msftconnecttest.com,23,0,1,3.2405,3,0.2696,2.6826,1.9127,0.0634,0.0029
mobile.events.data.microsoft.com,32,0,1,3.8042,5,0.4375,2.6826,1.9127,0.0634,0.0
mobile.events.data.microsoft.com,32,0,65,3.8042,5,0.4375,2.6826,1.9127,0.0634,0.0
mobile.events.data.microsoft.com,32,0,1,3.8042,5,0.4375,2.6826,1.9127,0.0634,0.0
mobile.events.data.microsoft.com,32,0,65,3.8042,5,0.4375,2.6826,1.9127,0.0634,0.0
www.msftconnecttest.com,23,0,1,3.2405,3,0.2696,2.6826,1.9127,0.0634,0.0029
www.msftconnecttest.com,23,0,1,3.2405,3,0.2696,2.6826,1.9127,0.0634,0.0029
data.bilibili.com,17,0,1,3.1463,3,0.4118,2.6826,1.9127,0.0634,0.0028
data.bilibili.com,17,0,1,3.1463,3,0.4118,2.6826,1.9127,0.0634,0.0028
www.163.com,11,0,1,2.8454,3,0.4091,2.6826,1.9127,0.0634,0.0027
www.163.com,11,0,1,2.8454,3,0.4091,2.6826,1.9127,0.0634,0.0027
www.msftconnecttest.com,23,0,1,3.2405,3,0.2696,2.6826,1.9127,0.0634,0.0029
www.msftconnecttest.com,23,0,1,3.2405,3,0.2696,2.6826,1.9127,0.0634,0.0029
www.msftconnecttest.com,23,0,1,3.2405,3,0.2696,2.6826,1.9127,0.0634,0.0029
www.msftconnecttest.com,23,0,1,3.2405,3,0.2696,2.6826,1.9127,0.0634,0.0029
sslvpn3.scut.edu.cn,19,0,1,3.4316,4,0.4298,2.6826,1.9127,0.0634,0.0028
sslvpn3.scut.edu.cn,19,0,1,3.4316,4,0.4298,2.6826,1.9127,0.0634,0.0028
i0.hdslb.com,12,0,1,3.4183,3,0.1515,2.6826,1.9127,0.0634,0.003
i0.hdslb.com,12,0,1,3.4183,3,0.1515,2.6826,1.9127,0.0634,0.003
www.163.com,11,0,1,2.8454,3,0.4091,2.6826,1.9127,0.0634,0.0027
www.163.com,11,0,1,2.8454,3,0.4091,2.6826,1.9127,0.0634,0.0027
www.msftconnecttest.com,23,0,1,3.2405,3,0.2696,2.6826,1.9127,0.0634,0.0029
www.msftconnecttest.com,23,0,1,3.2405,3,0.2696,2.6826,1.9127,0.0634,0.0029
catalog.gamepass.com,20,0,1,3.3219,3,0.3273,2.6826,1.9127,0.0634,0.003
catalog.gamepass.com,20,0,1,3.3219,3,0.3273,2.6826,1.9127,0.0634,0.003
www.msftconnecttest.com,23,0,1,3.2405,3,0.2696,2.6826,1.9127,0.0634,0.0029
www.msftconnecttest.com,23,0,1,3.2405,3,0.2696,2.6826,1.9127,0.0634,0.0029
api.bilibili.com,16,0,1,2.8994,3,0.4861,2.6826,1.9127,0.0634,0.0
api.bilibili.com,16,0,1,2.8994,3,0.4861,2.6826,1.9127,0.0634,0.0
api.bilibili.com,16,0,1,2.8994,3,0.4861,2.6826,1.9127,0.0634,0.0
api.bilibili.com,16,0,1,2.8994,3,0.4861,2.6826,1.9127,0.0634,0.0
assets.msn.cn,13,0,1,2.7774,3,0.4808,2.6826,1.9127,0.0634,0.0002
assets.msn.cn,13,0,1,2.7774,3,0.4808,2.6826,1.9127,0.0634,0.0002
www.msn.cn,10,0,1,2.4464,3,0.4,2.6826,1.9127,0.0634,0.0
www.msn.cn,10,0,65,2.4464,3,0.4,2.6826,1.9127,0.0634,0.0
www.msn.cn,10,0,65,2.4464,3,0.4,2.6826,1.9127,0.0634,0.0
www.msn.cn,10,0,1,2.4464,3,0.4,2.6826,1.9127,0.0634,0.0
ts3.tc.mm.bing.net,18,0,1,3.2391,5,0.4949,2.6826,1.9127,0.0634,0.0
ts3.tc.mm.bing.net,18,0,65,3.2391,5,0.4949,2.6826,1.9127,0.0634,0.0
ts3.tc.mm.bing.net,18,0,1,3.2391,5,0.4949,2.6826,1.9127,0.0634,0.0
ts3.tc.mm.bing.net,18,0,65,3.2391,5,0.4949,2.6826,1.9127,0.0634,0.0
www.bing.com,12,0,1,3.0221,3,0.3889,2.6826,1.9127,0.0634,0.0
www.bing.com,12,0,65,3.0221,3,0.3889,2.6826,1.9127,0.0634,0.0
www.bing.com,12,0,1,3.0221,3,0.3889,2.6826,1.9127,0.0634,0.0
www.bing.com,12,0,65,3.0221,3,0.3889,2.6826,1.9127,0.0634,0.0
assets.msn.cn,13,0,1,2.7774,3,0.4808,2.6826,1.9127,0.0634,0.0002
assets.msn.cn,13,0,65,2.7774,3,0.4808,2.6826,1.9127,0.0634,0.0002
assets.msn.cn,13,0,1,2.7774,3,0.4808,2.6826,1.9127,0.0634,0.0002
assets.msn.cn,13,0,65,2.7774,3,0.4808,2.6826,1.9127,0.0634,0.0002
main.vscode-cdn.net,19,0,1,3.5766,3,0.3887,2.6826,1.9127,0.0634,0.0
main.vscode-cdn.net,19,0,65,3.5766,3,0.3887,2.6826,1.9127,0.0634,0.0
main.vscode-cdn.net,19,0,1,3.5766,3,0.3887,2.6826,1.9127,0.0634,0.0
main.vscode-cdn.net,19,0,65,3.5766,3,0.3887,2.6826,1.9127,0.0634,0.0
westus-0.in.applicationinsights.azure.com,41,0,1,4.0923,5,0.4732,2.6826,1.9127,0.0634,0.003
westus-0.in.applicationinsights.azure.com,41,0,1,4.0923,5,0.4732,2.6826,1.9127,0.0634,0.003
www.163.com,11,0,1,2.8454,3,0.4091,2.6826,1.9127,0.0634,0.0027
www.163.com,11,0,1,2.8454,3,0.4091,2.6826,1.9127,0.0634,0.0027
www.msftconnecttest.com,23,0,1,3.2405,3,0.2696,2.6826,1.9127,0.0634,0.0029
www.msftconnecttest.com,23,0,1,3.2405,3,0.2696,2.6826,1.9127,0.0634,0.0029
mobile.events.data.microsoft.com,32,0,1,3.8042,5,0.4375,2.6826,1.9127,0.0634,0.0
mobile.events.data.microsoft.com,32,0,65,3.8042,5,0.4375,2.6826,1.9127,0.0634,0.0
mobile.events.data.microsoft.com,32,0,1,3.8042,5,0.4375,2.6826,1.9127,0.0634,0.0
mobile.events.data.microsoft.com,32,0,65,3.8042,5,0.4375,2.6826,1.9127,0.0634,0.0
copilot-telemetry.githubusercontent.com,39,0,1,3.904,3,0.4786,2.6826,1.9127,0.0634,0.0029
copilot-telemetry.githubusercontent.com,39,0,1,3.904,3,0.4786,2.6826,1.9127,0.0634,0.0029
www.msftconnecttest.com,23,0,1,3.2405,3,0.2696,2.6826,1.9127,0.0634,0.0029
www.msftconnecttest.com,23,0,1,3.2405,3,0.2696,2.6826,1.9127,0.0634,0.0029
assets.msn.com,14,0,1,2.9502,3,0.4762,2.6826,1.9127,0.0634,0.003
assets.msn.com,14,0,1,2.9502,3,0.4762,2.6826,1.9127,0.0634,0.003
www.163.com,11,0,1,2.8454,3,0.4091,2.6826,1.9127,0.0634,0.0027
www.163.com,11,0,1,2.8454,3,0.4091,2.6826,1.9127,0.0634,0.0027
www.msftconnecttest.com,23,0,1,3.2405,3,0.2696,2.6826,1.9127,0.0634,0.0029
www.msftconnecttest.com,23,0,1,3.2405,3,0.2696,2.6826,1.9127,0.0634,0.0029
www.wegame.com.cn,17,0,1,2.9842,4,0.4183,2.6826,1.9127,0.0634,0.0029
www.wegame.com.cn,17,0,1,2.9842,4,0.4183,2.6826,1.9127,0.0634,0.0029
www.msftconnecttest.com,23,0,1,3.2405,3,0.2696,2.6826,1.9127,0.0634,0.0029
www.msftconnecttest.com,23,0,1,3.2405,3,0.2696,2.6826,1.9127,0.0634,0.0029
assets.msn.com,14,0,1,2.9502,3,0.4762,2.6826,1.9127,0.0634,0.003
assets.msn.com,14,0,1,2.9502,3,0.4762,2.6826,1.9127,0.0634,0.003
www.bing.com,12,0,1,3.0221,3,0.3889,2.6826,1.9127,0.0634,0.0
www.bing.com,12,0,1,3.0221,3,0.3889,2.6826,1.9127,0.0634,0.0
www.163.com,11,0,1,2.8454,3,0.4091,2.6826,1.9127,0.0634,0.0027
www.163.com,11,0,1,2.8454,3,0.4091,2.6826,1.9127,0.0634,0.0027
www.msftconnecttest.com,23,0,1,3.2405,3,0.2696,2.6826,1.9127,0.0634,0.0029
www.msftconnecttest.com,23,0,1,3.2405,3,0.2696,2.6826,1.9127,0.0634,0.0029
skydrive.wns.windows.com,24,0,1,3.6573,4,0.4167,2.6826,1.9127,0.0634,0.0029
skydrive.wns.windows.com,24,0,1,3.6573,4,0.4167,2.6826,1.9127,0.0634,0.0029
www.msftconnecttest.com,23,0,1,3.2405,3,0.2696,2.6826,1.9127,0.0634,0.0029
www.msftconnecttest.com,23,0,1,3.2405,3,0.2696,2.6826,1.9127,0.0634,0.0029
assets.msn.com,14,0,1,2.9502,3,0.4762,2.6826,1.9127,0.0634,0.003
assets.msn.com,14,0,1,2.9502,3,0.4762,2.6826,1.9127,0.0634,0.003
light-cfg-1251626029.file.myqcloud.com,38,0,1,4.3264,4,0.3828,2.6826,1.9127,0.0634,0.0029
light-cfg-1251626029.file.myqcloud.com,38,0,1,4.3264,4,0.3828,2.6826,1.9127,0.0634,0.0029
data.bilibili.com,17,0,1,3.1463,3,0.4118,2.6826,1.9127,0.0634,0.0028
data.bilibili.com,17,0,1,3.1463,3,0.4118,2.6826,1.9127,0.0634,0.0028
www.163.com,11,0,1,2.8454,3,0.4091,2.6826,1.9127,0.0634,0.0027
www.163.com,11,0,1,2.8454,3,0.4091,2.6826,1.9127,0.0634,0.0027
www.msftconnecttest.com,23,0,1,3.2405,3,0.2696,2.6826,1.9127,0.0634,0.0029
www.msftconnecttest.com,23,0,1,3.2405,3,0.2696,2.6826,1.9127,0.0634,0.0029
mobile.events.data.microsoft.com,32,0,1,3.8042,5,0.4375,2.6826,1.9127,0.0634,0.0
mobile.events.data.microsoft.com,32,0,65,3.8042,5,0.4375,2.6826,1.9127,0.0634,0.0
mobile.events.data.microsoft.com,32,0,1,3.8042,5,0.4375,2.6826,1.9127,0.0634,0.0
mobile.events.data.microsoft.com,32,0,65,3.8042,5,0.4375,2.6826,1.9127,0.0634,0.0
www.msftconnecttest.com,23,0,1,3.2405,3,0.2696,2.6826,1.9127,0.0634,0.0029
www.msftconnecttest.com,23,0,1,3.2405,3,0.2696,2.6826,1.9127,0.0634,0.0029
sslvpn3.scut.edu.cn,19,0,1,3.4316,4,0.4298,2.6826,1.9127,0.0634,0.0028
sslvpn3.scut.edu.cn,19,0,1,3.4316,4,0.4298,2.6826,1.9127,0.0634,0.0028
tqos.gamesafe.qq.com,20,0,1,3.3464,4,0.3273,2.6826,1.9127,0.0634,0.0029
tqos.gamesafe.qq.com,20,0,1,3.3464,4,0.3273,2.6826,1.9127,0.0634,0.0029
tqos.anticheatexpert.com,24,0,1,3.7202,3,0.45,2.6826,1.9127,0.0634,0.0029
tqos.anticheatexpert.com,24,0,1,3.7202,3,0.45,2.6826,1.9127,0.0634,0.0029
cschannel.anticheatexpert.com,29,0,1,3.6764,3,0.5149,2.6826,1.9127,0.0634,0.0031
cschannel.anticheatexpert.com,29,0,1,3.6764,3,0.5149,2.6826,1.9127,0.0634,0.0031
light-cfg-1251626029.file.myqcloud.com,38,0,1,4.3264,4,0.3828,2.6826,1.9127,0.0634,0.0029
light-cfg-1251626029.file.myqcloud.com,38,0,1,4.3264,4,0.3828,2.6826,1.9127,0.0634,0.0029
www.163.com,11,0,1,2.8454,3,0.4091,2.6826,1.9127,0.0634,0.0027
www.163.com,11,0,1,2.8454,3,0.4091,2.6826,1.9127,0.0634,0.0027
www.msftconnecttest.com,23,0,1,3.2405,3,0.2696,2.6826,1.9127,0.0634,0.0029
www.msftconnecttest.com,23,0,1,3.2405,3,0.2696,2.6826,1.9127,0.0634,0.0029
catalog.gamepass.com,20,0,1,3.3219,3,0.3273,2.6826,1.9127,0.0634,0.003
catalog.gamepass.com,20,0,1,3.3219,3,0.3273,2.6826,1.9127,0.0634,0.003
www.msftconnecttest.com,23,0,1,3.2405,3,0.2696,2.6826,1.9127,0.0634,0.0029
www.msftconnecttest.com,23,0,1,3.2405,3,0.2696,2.6826,1.9127,0.0634,0.0029
v20.events.data.microsoft.com,29,0,1,3.8404,5,0.3922,2.6826,1.9127,0.0634,0.0028
v20.events.data.microsoft.com,29,0,1,3.8404,5,0.3922,2.6826,1.9127,0.0634,0.0028
i0.hdslb.com,12,0,1,3.4183,3,0.1515,2.6826,1.9127,0.0634,0.003
i0.hdslb.com,12,0,1,3.4183,3,0.1515,2.6826,1.9127,0.0634,0.003
main.vscode-cdn.net,19,0,1,3.5766,3,0.3887,2.6826,1.9127,0.0634,0.0
main.vscode-cdn.net,19,0,65,3.5766,3,0.3887,2.6826,1.9127,0.0634,0.0
main.vscode-cdn.net,19,0,65,3.5766,3,0.3887,2.6826,1.9127,0.0634,0.0
main.vscode-cdn.net,19,0,1,3.5766,3,0.3887,2.6826,1.9127,0.0634,0.0
www.163.com,11,0,1,2.8454,3,0.4091,2.6826,1.9127,0.0634,0.0027
www.163.com,11,0,1,2.8454,3,0.4091,2.6826,1.9127,0.0634,0.0027
www.msftconnecttest.com,23,0,1,3.2405,3,0.2696,2.6826,1.9127,0.0634,0.0029
www.msftconnecttest.com,23,0,1,3.2405,3,0.2696,2.6826,1.9127,0.0634,0.0029
www.msftconnecttest.com,23,0,1,3.2405,3,0.2696,2.6826,1.9127,0.0634,0.0029
www.msftconnecttest.com,23,0,1,3.2405,3,0.2696,2.6826,1.9127,0.0634,0.0029
www.163.com,11,0,1,2.8454,3,0.4091,2.6826,1.9127,0.0634,0.0027
www.163.com,11,0,1,2.8454,3,0.4091,2.6826,1.9127,0.0634,0.0027
www.msftconnecttest.com,23,0,1,3.2405,3,0.2696,2.6826,1.9127,0.0634,0.0029
www.msftconnecttest.com,23,0,1,3.2405,3,0.2696,2.6826,1.9127,0.0634,0.0029
mobile.events.data.microsoft.com,32,0,1,3.8042,5,0.4375,2.6826,1.9127,0.0634,0.0
mobile.events.data.microsoft.com,32,0,65,3.8042,5,0.4375,2.6826,1.9127,0.0634,0.0
mobile.events.data.microsoft.com,32,0,1,3.8042,5,0.4375,2.6826,1.9127,0.0634,0.0
mobile.events.data.microsoft.com,32,0,65,3.8042,5,0.4375,2.6826,1.9127,0.0634,0.0
www.msftconnecttest.com,23,0,1,3.2405,3,0.2696,2.6826,1.9127,0.0634,0.0029
www.msftconnecttest.com,23,0,1,3.2405,3,0.2696,2.6826,1.9127,0.0634,0.0029
www.163.com,11,0,1,2.8454,3,0.4091,2.6826,1.9127,0.0634,0.0027
www.163.com,11,0,1,2.8454,3,0.4091,2.6826,1.9127,0.0634,0.0027
www.msftconnecttest.com,23,0,1,3.2405,3,0.2696,2.6826,1.9127,0.0634,0.0029
www.msftconnecttest.com,23,0,1,3.2405,3,0.2696,2.6826,1.9127,0.0634,0.0029
www.msftconnecttest.com,23,0,1,3.2405,3,0.2696,2.6826,1.9127,0.0634,0.0029
www.msftconnecttest.com,23,0,1,3.2405,3,0.2696,2.6826,1.9127,0.0634,0.0029
data.bilibili.com,17,0,1,3.1463,3,0.4118,2.6826,1.9127,0.0634,0.0028
data.bilibili.com,17,0,1,3.1463,3,0.4118,2.6826,1.9127,0.0634,0.0028
www.163.com,11,0,1,2.8454,3,0.4091,2.6826,1.9127,0.0634,0.0027
www.163.com,11,0,1,2.8454,3,0.4091,2.6826,1.9127,0.0634,0.0027
www.msftconnecttest.com,23,0,1,3.2405,3,0.2696,2.6826,1.9127,0.0634,0.0029
www.msftconnecttest.com,23,0,1,3.2405,3,0.2696,2.6826,1.9127,0.0634,0.0029
www.msftconnecttest.com,23,0,1,3.2405,3,0.2696,2.6826,1.9127,0.0634,0.0029
www.msftconnecttest.com,23,0,1,3.2405,3,0.2696,2.6826,1.9127,0.0634,0.0029
sslvpn3.scut.edu.cn,19,0,1,3.4316,4,0.4298,2.6826,1.9127,0.0634,0.0028
sslvpn3.scut.edu.cn,19,0,1,3.4316,4,0.4298,2.6826,1.9127,0.0634,0.0028
www.163.com,11,0,1,2.8454,3,0.4091,2.6826,1.9127,0.0634,0.0027
www.163.com,11,0,1,2.8454,3,0.4091,2.6826,1.9127,0.0634,0.0027
mobile.events.data.microsoft.com,32,0,1,3.8042,5,0.4375,2.6826,1.9127,0.0634,0.0
mobile.events.data.microsoft.com,32,0,65,3.8042,5,0.4375,2.6826,1.9127,0.0634,0.0
mobile.events.data.microsoft.com,32,0,1,3.8042,5,0.4375,2.6826,1.9127,0.0634,0.0
mobile.events.data.microsoft.com,32,0,65,3.8042,5,0.4375,2.6826,1.9127,0.0634,0.0
www.msftconnecttest.com,23,0,1,3.2405,3,0.2696,2.6826,1.9127,0.0634,0.0029
www.msftconnecttest.com,23,0,1,3.2405,3,0.2696,2.6826,1.9127,0.0634,0.0029
catalog.gamepass.com,20,0,1,3.3219,3,0.3273,2.6826,1.9127,0.0634,0.003
catalog.gamepass.com,20,0,1,3.3219,3,0.3273,2.6826,1.9127,0.0634,0.003
settings-win.data.microsoft.com,31,0,1,3.8245,4,0.4234,2.6826,1.9127,0.0634,0.0028
settings-win.data.microsoft.com,31,0,1,3.8245,4,0.4234,2.6826,1.9127,0.0634,0.0028
www.msftconnecttest.com,23,0,1,3.2405,3,0.2696,2.6826,1.9127,0.0634,0.0029
www.msftconnecttest.com,23,0,1,3.2405,3,0.2696,2.6826,1.9127,0.0634,0.0029
main.vscode-cdn.net,19,0,1,3.5766,3,0.3887,2.6826,1.9127,0.0634,0.0
main.vscode-cdn.net,19,0,65,3.5766,3,0.3887,2.6826,1.9127,0.0634,0.0
main.vscode-cdn.net,19,0,1,3.5766,3,0.3887,2.6826,1.9127,0.0634,0.0
main.vscode-cdn.net,19,0,65,3.5766,3,0.3887,2.6826,1.9127,0.0634,0.0
www.163.com,11,0,1,2.8454,3,0.4091,2.6826,1.9127,0.0634,0.0027
www.163.com,11,0,1,2.8454,3,0.4091,2.6826,1.9127,0.0634,0.0027
www.msftconnecttest.com,23,0,1,3.2405,3,0.2696,2.6826,1.9127,0.0634,0.0029
www.msftconnecttest.com,23,0,1,3.2405,3,0.2696,2.6826,1.9127,0.0634,0.0029
crl3.digicert.com,17,0,1,3.4548,3,0.3922,2.6826,1.9127,0.0634,0.0033
crl3.digicert.com,17,0,1,3.4548,3,0.3922,2.6826,1.9127,0.0634,0.0033
www.msftconnecttest.com,23,0,1,3.2405,3,0.2696,2.6826,1.9127,0.0634,0.0029
www.msftconnecttest.com,23,0,1,3.2405,3,0.2696,2.6826,1.9127,0.0634,0.0029
i0.hdslb.com,12,0,1,3.4183,3,0.1515,2.6826,1.9127,0.0634,0.003
i0.hdslb.com,12,0,1,3.4183,3,0.1515,2.6826,1.9127,0.0634,0.003
www.163.com,11,0,1,2.8454,3,0.4091,2.6826,1.9127,0.0634,0.0027
www.163.com,11,0,1,2.8454,3,0.4091,2.6826,1.9127,0.0634,0.0027
www.msftconnecttest.com,23,0,1,3.2405,3,0.2696,2.6826,1.9127,0.0634,0.0029
www.msftconnecttest.com,23,0,1,3.2405,3,0.2696,2.6826,1.9127,0.0634,0.0029
www.msftconnecttest.com,23,0,1,3.2405,3,0.2696,2.6826,1.9127,0.0634,0.0029
www.msftconnecttest.com,23,0,1,3.2405,3,0.2696,2.6826,1.9127,0.0634,0.0029
github.com,10,0,1,3.3219,2,0.0,2.6826,1.9127,0.0634,0.005
github.com,10,0,1,3.3219,2,0.0,2.6826,1.9127,0.0634,0.005
skydrive.wns.windows.com,24,0,1,3.6573,4,0.4167,2.6826,1.9127,0.0634,0.0029
skydrive.wns.windows.com,24,0,1,3.6573,4,0.4167,2.6826,1.9127,0.0634,0.0029
www.163.com,11,0,1,2.8454,3,0.4091,2.6826,1.9127,0.0634,0.0027
www.163.com,11,0,1,2.8454,3,0.4091,2.6826,1.9127,0.0634,0.0027
www.msftconnecttest.com,23,0,1,3.2405,3,0.2696,2.6826,1.9127,0.0634,0.0029
www.msftconnecttest.com,23,0,1,3.2405,3,0.2696,2.6826,1.9127,0.0634,0.0029
mobile.events.data.microsoft.com,32,0,1,3.8042,5,0.4375,2.6826,1.9127,0.0634,0.0
mobile.events.data.microsoft.com,32,0,65,3.8042,5,0.4375,2.6826,1.9127,0.0634,0.0
mobile.events.data.microsoft.com,32,0,1,3.8042,5,0.4375,2.6826,1.9127,0.0634,0.0
mobile.events.data.microsoft.com,32,0,65,3.8042,5,0.4375,2.6826,1.9127,0.0634,0.0
dataflow.biliapi.com,20,0,1,3.5464,3,0.4308,2.6826,1.9127,0.0634,0.0029
dataflow.biliapi.com,20,0,1,3.5464,3,0.4308,2.6826,1.9127,0.0634,0.0029
www.msftconnecttest.com,23,0,1,3.2405,3,0.2696,2.6826,1.9127,0.0634,0.0029
www.msftconnecttest.com,23,0,1,3.2405,3,0.2696,2.6826,1.9127,0.0634,0.0029
light-cfg-1251626029.file.myqcloud.com,38,0,1,4.3264,4,0.3828,2.6826,1.9127,0.0634,0.0029
light-cfg-1251626029.file.myqcloud.com,38,0,1,4.3264,4,0.3828,2.6826,1.9127,0.0634,0.0029
data.bilibili.com,17,0,1,3.1463,3,0.4118,2.6826,1.9127,0.0634,0.0028
data.bilibili.com,17,0,1,3.1463,3,0.4118,2.6826,1.9127,0.0634,0.0028
201572-ipv4.gr.global.aa-rt.sharepoint.com,42,0,1,4.3657,6,0.4643,2.6826,1.9127,0.0634,0.0032
201572-ipv4.gr.global.aa-rt.sharepoint.com,42,0,1,4.3657,6,0.4643,2.6826,1.9127,0.0634,0.0032
www.163.com,11,0,1,2.8454,3,0.4091,2.6826,1.9127,0.0634,0.0027
www.163.com,11,0,1,2.8454,3,0.4091,2.6826,1.9127,0.0634,0.0027
www.msftconnecttest.com,23,0,1,3.2405,3,0.2696,2.6826,1.9127,0.0634,0.0029
www.msftconnecttest.com,23,0,1,3.2405,3,0.2696,2.6826,1.9127,0.0634,0.0029
config.edge.skype.com,21,0,1,3.6538,4,0.4286,2.6826,1.9127,0.0634,0.0045
config.edge.skype.com,21,0,1,3.6538,4,0.4286,2.6826,1.9127,0.0634,0.0045
api.bugreport.huorong.cn,24,0,1,3.6573,4,0.4167,2.6826,1.9127,0.0634,0.0029
api.bugreport.huorong.cn,24,0,1,3.6573,4,0.4167,2.6826,1.9127,0.0634,0.0029
www.msftconnecttest.com,23,0,1,3.2405,3,0.2696,2.6826,1.9127,0.0634,0.0029
www.msftconnecttest.com,23,0,1,3.2405,3,0.2696,2.6826,1.9127,0.0634,0.0029
mumu.nie.netease.com,20,0,1,3.2464,4,0.4909,2.6826,1.9127,0.0634,0.0031
mumu.nie.netease.com,20,0,1,3.2464,4,0.4909,2.6826,1.9127,0.0634,0.0031
nie.netease.com,15,0,1,3.1069,3,0.4667,2.6826,1.9127,0.0634,0.0029
nie.netease.com,15,0,1,3.1069,3,0.4667,2.6826,1.9127,0.0634,0.0029
sslvpn3.scut.edu.cn,19,0,1,3.4316,4,0.4298,2.6826,1.9127,0.0634,0.0028
sslvpn3.scut.edu.cn,19,0,1,3.4316,4,0.4298,2.6826,1.9127,0.0634,0.0028
tqos.gamesafe.qq.com,20,0,1,3.3464,4,0.3273,2.6826,1.9127,0.0634,0.0029
tqos.gamesafe.qq.com,20,0,1,3.3464,4,0.3273,2.6826,1.9127,0.0634,0.0029
tqos.anticheatexpert.com,24,0,1,3.7202,3,0.45,2.6826,1.9127,0.0634,0.0029
tqos.anticheatexpert.com,24,0,1,3.7202,3,0.45,2.6826,1.9127,0.0634,0.0029
cschannel.anticheatexpert.com,29,0,1,3.6764,3,0.5149,2.6826,1.9127,0.0634,0.0031
cschannel.anticheatexpert.com,29,0,1,3.6764,3,0.5149,2.6826,1.9127,0.0634,0.0031
light-cfg-1251626029.file.myqcloud.com,38,0,1,4.3264,4,0.3828,2.6826,1.9127,0.0634,0.0029
light-cfg-1251626029.file.myqcloud.com,38,0,1,4.3264,4,0.3828,2.6826,1.9127,0.0634,0.0029
www.163.com,11,0,1,2.8454,3,0.4091,2.6826,1.9127,0.0634,0.0027
www.163.com,11,0,1,2.8454,3,0.4091,2.6826,1.9127,0.0634,0.0027
www.msftconnecttest.com,23,0,1,3.2405,3,0.2696,2.6826,1.9127,0.0634,0.0029
www.msftconnecttest.com,23,0,1,3.2405,3,0.2696,2.6826,1.9127,0.0634,0.0029
catalog.gamepass.com,20,0,1,3.3219,3,0.3273,2.6826,1.9127,0.0634,0.003
catalog.gamepass.com,20,0,1,3.3219,3,0.3273,2.6826,1.9127,0.0634,0.003
edge.microsoft.com,18,0,1,3.4613,3,0.3889,2.6826,1.9127,0.0634,0.0
edge.microsoft.com,18,0,65,3.4613,3,0.3889,2.6826,1.9127,0.0634,0.0
edge.microsoft.com,18,0,1,3.4613,3,0.3889,2.6826,1.9127,0.0634,0.0
edge.microsoft.com,18,0,65,3.4613,3,0.3889,2.6826,1.9127,0.0634,0.0
www.bing.com,12,0,1,3.0221,3,0.3889,2.6826,1.9127,0.0634,0.0
www.bing.com,12,0,65,3.0221,3,0.3889,2.6826,1.9127,0.0634,0.0
www.bing.com,12,0,1,3.0221,3,0.3889,2.6826,1.9127,0.0634,0.0
www.bing.com,12,0,65,3.0221,3,0.3889,2.6826,1.9127,0.0634,0.0
cn.bing.com,11,0,1,2.914,3,0.3409,2.6826,1.9127,0.0634,0.0
cn.bing.com,11,0,65,2.914,3,0.3409,2.6826,1.9127,0.0634,0.0
cn.bing.com,11,0,65,2.914,3,0.3409,2.6826,1.9127,0.0634,0.0
cn.bing.com,11,0,1,2.914,3,0.3409,2.6826,1.9127,0.0634,0.0
self.events.data.microsoft.com,30,0,1,3.7396,5,0.4,2.6826,1.9127,0.0634,0.0031
self.events.data.microsoft.com,30,0,1,3.7396,5,0.4,2.6826,1.9127,0.0634,0.0031
api.bilibili.com,16,0,1,2.8994,3,0.4861,2.6826,1.9127,0.0634,0.0
api.bilibili.com,16,0,1,2.8994,3,0.4861,2.6826,1.9127,0.0634,0.0
api.bilibili.com,16,0,1,2.8994,3,0.4861,2.6826,1.9127,0.0634,0.0
api.bilibili.com,16,0,1,2.8994,3,0.4861,2.6826,1.9127,0.0634,0.0
storage.live.com,16,0,1,3.625,3,0.2885,2.6826,1.9127,0.0634,0.0036
storage.live.com,16,0,1,3.625,3,0.2885,2.6826,1.9127,0.0634,0.0036
www.msn.cn,10,0,1,2.4464,3,0.4,2.6826,1.9127,0.0634,0.0
www.msn.cn,10,0,65,2.4464,3,0.4,2.6826,1.9127,0.0634,0.0
www.msn.cn,10,0,1,2.4464,3,0.4,2.6826,1.9127,0.0634,0.0
www.msn.cn,10,0,65,2.4464,3,0.4,2.6826,1.9127,0.0634,0.0
onedriveclucprodbn20041.blob.core.windows.net,45,0,1,4.1001,5,0.4889,2.6826,1.9127,0.0634,0.0037
onedriveclucprodbn20041.blob.core.windows.net,45,0,1,4.1001,5,0.4889,2.6826,1.9127,0.0634,0.0037
ts3.tc.mm.bing.net,18,0,1,3.2391,5,0.4949,2.6826,1.9127,0.0634,0.0
ts3.tc.mm.bing.net,18,0,65,3.2391,5,0.4949,2.6826,1.9127,0.0634,0.0
ts3.tc.mm.bing.net,18,0,1,3.2391,5,0.4949,2.6826,1.9127,0.0634,0.0
ts3.tc.mm.bing.net,18,0,65,3.2391,5,0.4949,2.6826,1.9127,0.0634,0.0
assets.msn.cn,13,0,1,2.7774,3,0.4808,2.6826,1.9127,0.0634,0.0002
assets.msn.cn,13,0,65,2.7774,3,0.4808,2.6826,1.9127,0.0634,0.0002
assets.msn.cn,13,0,1,2.7774,3,0.4808,2.6826,1.9127,0.0634,0.0002
assets.msn.cn,13,0,65,2.7774,3,0.4808,2.6826,1.9127,0.0634,0.0002
www.msftconnecttest.com,23,0,1,3.2405,3,0.2696,2.6826,1.9127,0.0634,0.0029
www.msftconnecttest.com,23,0,1,3.2405,3,0.2696,2.6826,1.9127,0.0634,0.0029
default.exp-tas.com,19,0,1,3.8269,3,0.3088,2.6826,1.9127,0.0634,0.0032
default.exp-tas.com,19,0,1,3.8269,3,0.3088,2.6826,1.9127,0.0634,0.0032
westus-0.in.applicationinsights.azure.com,41,0,1,4.0923,5,0.4732,2.6826,1.9127,0.0634,0.003
westus-0.in.applicationinsights.azure.com,41,0,1,4.0923,5,0.4732,2.6826,1.9127,0.0634,0.003
main.vscode-cdn.net,19,0,1,3.5766,3,0.3887,2.6826,1.9127,0.0634,0.0
main.vscode-cdn.net,19,0,65,3.5766,3,0.3887,2.6826,1.9127,0.0634,0.0
main.vscode-cdn.net,19,0,1,3.5766,3,0.3887,2.6826,1.9127,0.0634,0.0
main.vscode-cdn.net,19,0,65,3.5766,3,0.3887,2.6826,1.9127,0.0634,0.0
mobile.events.data.microsoft.com,32,0,1,3.8042,5,0.4375,2.6826,1.9127,0.0634,0.0
mobile.events.data.microsoft.com,32,0,65,3.8042,5,0.4375,2.6826,1.9127,0.0634,0.0
mobile.events.data.microsoft.com,32,0,1,3.8042,5,0.4375,2.6826,1.9127,0.0634,0.0
mobile.events.data.microsoft.com,32,0,65,3.8042,5,0.4375,2.6826,1.9127,0.0634,0.0
www.163.com,11,0,1,2.8454,3,0.4091,2.6826,1.9127,0.0634,0.0027
www.163.com,11,0,1,2.8454,3,0.4091,2.6826,1.9127,0.0634,0.0027
copilot-telemetry.githubusercontent.com,39,0,1,3.904,3,0.4786,2.6826,1.9127,0.0634,0.0029
copilot-telemetry.githubusercontent.com,39,0,1,3.904,3,0.4786,2.6826,1.9127,0.0634,0.0029
www.msftconnecttest.com,23,0,1,3.2405,3,0.2696,2.6826,1.9127,0.0634,0.0029
www.msftconnecttest.com,23,0,1,3.2405,3,0.2696,2.6826,1.9127,0.0634,0.0029
update.code.visualstudio.com,28,0,1,3.6995,4,0.2857,2.6826,1.9127,0.0634,0.0002
update.code.visualstudio.com,28,0,65,3.6995,4,0.2857,2.6826,1.9127,0.0634,0.0002
update.code.visualstudio.com,28,0,1,3.6995,4,0.2857,2.6826,1.9127,0.0634,0.0002
update.code.visualstudio.com,28,0,65,3.6995,4,0.2857,2.6826,1.9127,0.0634,0.0002
www.msftconnecttest.com,23,0,1,3.2405,3,0.2696,2.6826,1.9127,0.0634,0.0029
www.msftconnecttest.com,23,0,1,3.2405,3,0.2696,2.6826,1.9127,0.0634,0.0029
